#Res        AtomicFlx
   1.000       3.6490
   2.000       2.0789
   3.000       1.1824
   4.000       0.8565
   5.000       0.8610
   6.000       0.8209
   7.000       0.6831
   8.000       0.6504
   9.000       0.7781
  10.000       0.7959
  11.000       0.7700
  12.000       0.6958
  13.000       0.5615
  14.000       0.4213
  15.000       0.4087
  16.000       0.4042
  17.000       0.5087
  18.000       0.6150
  19.000       0.7609
  20.000       0.6059
  21.000       0.5298
  22.000       0.6222
  23.000       0.6644
  24.000       0.8336
  25.000       0.8451
  26.000       0.8606
  27.000       0.9647
  28.000       1.0083
  29.000       1.0212
  30.000       1.2580
  31.000       1.0022
  32.000       0.8106
  33.000       0.7393
  34.000       0.6638
  35.000       0.6369
  36.000       0.6177
  37.000       0.5453
  38.000       0.5100
  39.000       0.5529
  40.000       0.5535
  41.000       0.5165
  42.000       0.5860
  43.000       0.6709
  44.000       0.7425
  45.000       0.7362
  46.000       0.6164
  47.000       0.5387
  48.000       0.4575
  49.000       0.4092
  50.000       0.3923
  51.000       0.4460
  52.000       0.4791
  53.000       0.4607
  54.000       0.5614
  55.000       0.6717
  56.000       0.8622
  57.000       0.9481
  58.000       0.7274
  59.000       0.7176
  60.000       0.7528
  61.000       0.9907
  62.000       0.9199
  63.000       0.9706
  64.000       0.8678
  65.000       0.6590
  66.000       0.6419
  67.000       0.6238
  68.000       0.6501
  69.000       0.7240
  70.000       0.7876
  71.000       0.6406
  72.000       0.5971
  73.000       0.6235
  74.000       0.6102
  75.000       0.5497
  76.000       0.5411
  77.000       0.5878
  78.000       0.5831
  79.000       0.5450
  80.000       0.5804
  81.000       0.5761
  82.000       0.5284
  83.000       0.6151
  84.000       0.6853
  85.000       0.6076
  86.000       0.6653
  87.000       0.5936
  88.000       0.5332
  89.000       0.4569
  90.000       0.4196
  91.000       0.4364
  92.000       0.5478
  93.000       0.5301
  94.000       0.5697
  95.000       0.6478
  96.000       0.6350
  97.000       0.7035
  98.000       0.7071
  99.000       0.6490
 100.000       0.7429
 101.000       0.8034
 102.000       0.7468
 103.000       0.8004
 104.000       0.8357
 105.000       0.8406
 106.000       0.6629
 107.000       0.6282
 108.000       0.6332
 109.000       0.5899
 110.000       0.5491
 111.000       0.5312
 112.000       0.5546
 113.000       0.5214
 114.000       0.5142
 115.000       0.5537
 116.000       0.5054
 117.000       0.5286
 118.000       0.5690
 119.000       0.6065
 120.000       0.6242
 121.000       0.6171
 122.000       0.7042
 123.000       0.7859
 124.000       0.6647
 125.000       0.6625
 126.000       0.6841
 127.000       0.5305
 128.000       0.4864
 129.000       0.4352
 130.000       0.4833
 131.000       0.4406
 132.000       0.4955
 133.000       0.6028
 134.000       0.6817
 135.000       0.9265
 136.000       0.7440
 137.000       0.7266
 138.000       0.8314
 139.000       0.7519
 140.000       0.6982
 141.000       0.6958
 142.000       0.7098
 143.000       0.7619
 144.000       0.6888
 145.000       0.5884
 146.000       0.6416
 147.000       0.7464
 148.000       0.6730
 149.000       0.6584
 150.000       0.6998
 151.000       0.6405
 152.000       0.6077
 153.000       0.6223
 154.000       0.6702
 155.000       0.6407
 156.000       0.5946
 157.000       0.6814
 158.000       0.7394
 159.000       0.7407
 160.000       0.8381
 161.000       1.2918
 162.000       1.0692
 163.000       0.6603
 164.000       0.5364
 165.000       0.5000
 166.000       0.4600
 167.000       0.4820
 168.000       0.5853
 169.000       0.6051
 170.000       0.6624
 171.000       0.8065
 172.000       1.0720
 173.000       1.3522
 174.000       1.4712
 175.000       1.5226
 176.000       1.6893
 177.000       0.9613
 178.000       0.7299
 179.000       0.8345
 180.000       0.8261
 181.000       0.7295
 182.000       0.8162
 183.000       1.0672
 184.000       1.1555
 185.000       1.4153
 186.000       1.2106
 187.000       1.2317
 188.000       1.4025
 189.000       1.2736
 190.000       0.7231
 191.000       0.4946
 192.000       0.4666
 193.000       0.5040
 194.000       0.5874
 195.000       0.6458
 196.000       0.5604
 197.000       0.6313
 198.000       0.6390
 199.000       0.6539
 200.000       0.7391
 201.000       0.9123
 202.000       0.6749
 203.000       0.6045
 204.000       0.7752
 205.000       0.8926
 206.000       1.1635
 207.000       1.2314
 208.000       1.7294
 209.000       1.8360
 210.000       1.5405
 211.000       1.8045
 212.000       1.7458
 213.000       1.3355
 214.000       1.4331
 215.000       1.4611
 216.000       1.1356
 217.000       1.2118
 218.000       1.1747
 219.000       0.9394
 220.000       0.8527
 221.000       0.7540
 222.000       0.9061
 223.000       0.9759
 224.000       1.1520
 225.000       1.2323
 226.000       1.0056
 227.000       0.8400
 228.000       1.0422
 229.000       1.1203
 230.000       0.7940
 231.000       0.7173
 232.000       0.7937
 233.000       0.6871
 234.000       0.6279
 235.000       0.7136
 236.000       0.6962
 237.000       0.6335
 238.000       0.7605
 239.000       0.8252
 240.000       0.7057
 241.000       0.8184
 242.000       0.9936
 243.000       0.9007
 244.000       0.9122
 245.000       0.8986
 246.000       0.7324
 247.000       0.6232
 248.000       0.5610
 249.000       0.5074
 250.000       0.4912
 251.000       0.5093
 252.000       0.4965
 253.000       0.4394
 254.000       0.5097
 255.000       0.5600
 256.000       0.6734
 257.000       0.8570
 258.000       0.8816
 259.000       0.7818
 260.000       0.7391
 261.000       0.7461
 262.000       0.7147
 263.000       0.6240
 264.000       0.5688
 265.000       0.5659
 266.000       0.5677
 267.000       0.4969
 268.000       0.5128
 269.000       0.5698
 270.000       0.5226
 271.000       0.5102
 272.000       0.5316
 273.000       0.5742
 274.000       0.5662
 275.000       0.5836
 276.000       0.6807
 277.000       0.7460
 278.000       0.6989
 279.000       0.7182
 280.000       0.6011
 281.000       0.4943
 282.000       0.4795
 283.000       0.4611
 284.000       0.4006
 285.000       0.4357
 286.000       0.4563
 287.000       0.4712
 288.000       0.7996
 289.000       0.8465
 290.000       0.8449
 291.000       0.6358
 292.000       0.6986
 293.000       0.6039
 294.000       0.6535
 295.000       0.8395
 296.000       1.1506
 297.000       1.3410
 298.000       1.1438
 299.000       0.9354
 300.000       0.7495
 301.000       0.6907
 302.000       0.6601
 303.000       0.7271
 304.000       0.7605
 305.000       0.6368
 306.000       0.6041
 307.000       0.7300
 308.000       0.7513
 309.000       0.7569
 310.000       1.4721
 311.000       2.6411
