#Residue         Para         Anti         3-10        Alpha           Pi         Turn         Bend
       1       0.0000       0.0000       0.0000       0.0000       0.0000       0.0000       0.0000
       2       0.0000       0.0000       0.0000       0.0000       0.0000       0.0000       0.0000
       3       0.0000       0.0000       0.0000       0.0000       0.0000       0.0000       0.1516
       4       0.0000       0.0000       0.0005       0.9526       0.0000       0.0417       0.0049
       5       0.0000       0.0000       0.0006       0.9642       0.0000       0.0352       0.0000
       6       0.0000       0.0000       0.0007       0.9937       0.0000       0.0056       0.0000
       7       0.0000       0.0000       0.0005       0.9966       0.0000       0.0028       0.0001
       8       0.0000       0.0000       0.0094       0.9840       0.0000       0.0065       0.0000
       9       0.0000       0.0000       0.0211       0.9567       0.0000       0.0221       0.0001
      10       0.0000       0.0000       0.0213       0.9118       0.0000       0.0666       0.0002
      11       0.0000       0.0000       0.0176       0.8655       0.0000       0.0996       0.0164
      12       0.0000       0.0000       0.0004       0.0001       0.0000       0.0041       0.0810
      13       0.8919       0.0000       0.0001       0.0000       0.0000       0.0011       0.1047
      14       0.9935       0.0000       0.0000       0.0000       0.0000       0.0000       0.0000
      15       1.0000       0.0000       0.0000       0.0000       0.0000       0.0000       0.0000
      16       0.9994       0.0000       0.0000       0.0000       0.0000       0.0000       0.0000
      17       0.0000       0.0000       0.0000       0.0000       0.0000       0.0000       0.0000
      18       0.0000       0.0000       0.0000       0.0000       0.0000       0.0355       0.0000
      19       0.0000       0.0000       0.0000       0.0000       0.0000       0.0355       0.9645
      20       0.0000       0.0000       0.0099       0.0000       0.0000       0.3047       0.6854
      21       0.0197       0.0000       0.0099       0.0000       0.0000       0.8575       0.1128
      22       0.0000       0.0000       0.0099       0.0000       0.0000       0.8704       0.1193
      23       0.0000       0.0000       0.0000       0.0000       0.0000       0.0000       1.0000
      24       0.0000       0.0000       0.0000       0.0000       0.0000       0.0002       0.9998
      25       0.0000       0.0000       0.0000       0.0000       0.0000       0.0002       0.9984
      26       0.0000       0.0000       0.0050       0.0025       0.0000       0.9848       0.0077
      27       0.0000       0.0148       0.0058       0.0025       0.0000       0.9705       0.0064
      28       0.0000       0.0000       0.0058       0.0025       0.0000       0.8687       0.1227
      29       0.0000       0.0000       0.0036       0.0025       0.0000       0.8199       0.1740
      30       0.0000       0.0143       0.0000       0.0000       0.0000       0.0020       0.9790
      31       0.0000       0.0004       0.0000       0.0000       0.0000       0.0000       0.0168
      32       0.0000       0.0000       0.0000       0.0000       0.0000       0.0000       0.0000
      33       0.0000       0.0000       0.0000       0.0000       0.0000       0.0000       0.0000
      34       0.0000       0.0000       0.0000       0.0000       0.0000       0.0000       0.0000
      35       0.0000       0.0000       0.0036       0.1313       0.0000       0.8178       0.0472
      36       0.0000       0.0000       0.0036       0.6897       0.0000       0.3058       0.0009
      37       0.0000       0.0000       0.0036       0.9960       0.0000       0.0003       0.0001
      38       0.0000       0.0000       0.0003       0.9996       0.0000       0.0001       0.0000
      39       0.0000       0.0000       0.0000       0.9999       0.0000       0.0001       0.0000
      40       0.0000       0.0000       0.0000       1.0000       0.0000       0.0000       0.0000
      41       0.0000       0.0000       0.0000       0.9989       0.0000       0.0011       0.0000
      42       0.0000       0.0000       0.0014       0.9945       0.0000       0.0041       0.0000
      43       0.0000       0.0000       0.0014       0.9554       0.0000       0.0432       0.0000
      44       0.0000       0.0000       0.0014       0.3644       0.0000       0.6338       0.0004
      45       0.0000       0.0000       0.0000       0.0008       0.0000       0.9923       0.0018
      46       0.0000       0.0000       0.0000       0.0000       0.0000       0.0000       0.0000
      47       0.0000       0.0000       0.0000       0.0000       0.0000       0.0000       0.6040
      48       0.9998       0.0000       0.0000       0.0000       0.0000       0.0000       0.0000
      49       0.9999       0.0000       0.0000       0.0000       0.0000       0.0000       0.0000
      50       1.0000       0.0000       0.0000       0.0000       0.0000       0.0000       0.0000
      51       0.9790       0.0000       0.0000       0.0000       0.0000       0.0000       0.0000
      52       0.8537       0.0000       0.0000       0.0000       0.0000       0.0000       0.0000
      53       0.8643       0.0000       0.0000       0.0000       0.0000       0.0000       0.0000
      54       0.4488       0.0000       0.0000       0.0000       0.0000       0.0000       0.0000
      55       0.0000       0.0000       0.0696       0.0154       0.0000       0.0685       0.0004
      56       0.0000       0.0000       0.4348       0.0154       0.0000       0.4430       0.1067
      57       0.0000       0.0000       0.4348       0.0154       0.0000       0.5011       0.0487
      58       0.0000       0.0000       0.3970       0.0154       0.0000       0.3286       0.2590
      59       0.0000       0.9851       0.0000       0.0000       0.0000       0.0000       0.0148
      60       0.0000       0.0000       0.0000       0.0000       0.0000       0.0000       0.0000
      61       0.0000       0.0000       0.0000       0.0000       0.0000       0.0000       0.9996
      62       0.0000       0.0000       0.0000       0.0000       0.0000       0.0000       1.0000
      63       0.0000       0.0000       0.0000       0.0000       0.0000       0.9995       0.0005
      64       0.0000       0.0000       0.0000       0.0000       0.0000       0.9995       0.0005
      65       0.0000       0.0000       0.0000       0.0000       0.0000       0.0516       0.0000
      66       0.0000       0.0000       0.0000       0.0000       0.0000       0.0000       0.0000
      67       0.0000       0.9851       0.0000       0.0000       0.0000       0.0000       0.0000
      68       0.0000       0.0000       0.0000       0.0000       0.0000       0.0000       0.0000
      69       0.0000       0.0000       0.0000       0.9970       0.0000       0.0026       0.0004
      70       0.0000       0.0000       0.0000       0.9973       0.0000       0.0027       0.0000
      71       0.0000       0.0000       0.0000       0.9986       0.0000       0.0013       0.0001
      72       0.0000       0.0000       0.0000       0.9996       0.0000       0.0004       0.0001
      73       0.0000       0.0000       0.0001       0.9987       0.0000       0.0012       0.0000
      74       0.0000       0.0000       0.0001       0.9995       0.0000       0.0004       0.0000
      75       0.0000       0.0000       0.0001       0.9995       0.0000       0.0004       0.0000
      76       0.0000       0.0000       0.0000       0.9999       0.0000       0.0001       0.0000
      77       0.0000       0.0000       0.0000       0.9999       0.0000       0.0001       0.0000
      78       0.0000       0.0000       0.0000       0.9999       0.0000       0.0001       0.0000
      79       0.0000       0.0000       0.0000       1.0000       0.0000       0.0000       0.0000
      80       0.0000       0.0000       0.0000       1.0000       0.0000       0.0000       0.0000
      81       0.0000       0.0000       0.0000       1.0000       0.0000       0.0000       0.0000
      82       0.0000       0.0000       0.0000       0.9998       0.0000       0.0002       0.0000
      83       0.0000       0.0000       0.0072       0.9910       0.0000       0.0017       0.0001
      84       0.0000       0.0000       0.0072       0.2888       0.0000       0.7040       0.0000
      85       0.0000       0.0000       0.0072       0.0562       0.0000       0.9363       0.0002
      86       0.0000       0.0000       0.0000       0.0001       0.0000       0.9935       0.0045
      87       0.0000       0.0000       0.0000       0.0000       0.0000       0.0000       0.0000
      88       0.9991       0.0000       0.0000       0.0000       0.0000       0.0000       0.0000
      89       1.0000       0.0000       0.0000       0.0000       0.0000       0.0000       0.0000
      90       1.0000       0.0000       0.0000       0.0000       0.0000       0.0000       0.0000
      91       1.0000       0.0000       0.0000       0.0000       0.0000       0.0000       0.0000
      92       0.9890       0.0000       0.0000       0.0000       0.0000       0.0000       0.0000
      93       0.8626       0.0000       0.0000       0.0000       0.0000       0.0000       0.0000
      94       0.4500       0.0000       0.0000       0.0000       0.0000       0.0002       0.0000
      95       0.0000       0.0000       0.0000       0.0000       0.0000       0.0002       0.1570
      96       0.0000       0.0000       0.0000       0.0000       0.0000       0.0000       0.0000
      97       0.0000       0.0000       0.0417       0.6101       0.0000       0.2894       0.0001
      98       0.0000       0.0000       0.0496       0.8130       0.0000       0.1317       0.0057
      99       0.0000       0.0000       0.0517       0.8130       0.0000       0.1352       0.0001
     100       0.0000       0.0000       0.0462       0.8130       0.0000       0.1404       0.0004
     101       0.0000       0.0000       0.0027       0.8072       0.0000       0.1858       0.0043
     102       0.0000       0.0000       0.0000       0.0000       0.0000       0.0000       0.0535
     103       0.0000       0.0000       0.0224       0.4187       0.0000       0.5102       0.0480
     104       0.0000       0.0000       0.0306       0.4208       0.0000       0.5352       0.0134
     105       0.0000       0.0000       0.0309       0.4209       0.0000       0.5450       0.0033
     106       0.0000       0.0000       0.0118       0.4212       0.0000       0.3848       0.1822
     107       0.0000       0.0000       0.0004       0.9863       0.0000       0.0032       0.0063
     108       0.0000       0.0000       0.0000       0.9977       0.0000       0.0021       0.0002
     109       0.0000       0.0000       0.0000       0.9997       0.0000       0.0003       0.0000
     110       0.0000       0.0000       0.0000       1.0000       0.0000       0.0000       0.0000
     111       0.0000       0.0000       0.0000       0.9999       0.0000       0.0001       0.0000
     112       0.0000       0.0000       0.0000       1.0000       0.0000       0.0000       0.0000
     113       0.0000       0.0000       0.0000       0.9998       0.0000       0.0002       0.0000
     114       0.0000       0.0000       0.0000       0.9999       0.0000       0.0001       0.0000
     115       0.0000       0.0000       0.0000       0.9999       0.0000       0.0001       0.0000
     116       0.0000       0.0000       0.0000       0.9999       0.0000       0.0001       0.0000
     117       0.0000       0.0000       0.0000       0.9997       0.0000       0.0003       0.0000
     118       0.0000       0.0000       0.0016       0.9882       0.0000       0.0101       0.0001
     119       0.0000       0.0000       0.0045       0.9791       0.0000       0.0163       0.0000
     120       0.0000       0.0000       0.0045       0.9448       0.0000       0.0493       0.0014
     121       0.0000       0.0000       0.0054       0.6398       0.0000       0.2300       0.1244
     122       0.0000       0.0000       0.0020       0.0023       0.0000       0.8413       0.1543
     123       0.0000       0.0000       0.0020       0.0001       0.0000       0.8363       0.1616
     124       0.0000       0.0000       0.0000       0.0000       0.0000       0.0000       0.9910
     125       0.0000       0.0000       0.0000       0.0000       0.0000       0.0000       0.0000
     126       0.0000       0.0000       0.0000       0.0000       0.0000       0.9622       0.0378
     127       0.0000       0.0000       0.0000       0.0000       0.0000       0.9622       0.0291
     128       0.9941       0.0000       0.0000       0.0000       0.0000       0.0000       0.0001
     129       0.9996       0.0000       0.0000       0.0000       0.0000       0.0000       0.0000
     130       1.0000       0.0000       0.0000       0.0000       0.0000       0.0000       0.0000
     131       0.9999       0.0000       0.0000       0.0000       0.0000       0.0000       0.0000
     132       0.0000       0.0000       0.0000       0.0000       0.0000       0.0000       0.1167
     133       0.0245       0.0000       0.0000       0.0000       0.0000       0.0000       0.2241
     134       0.0018       0.0000       0.0000       0.0000       0.0000       0.0000       0.8481
     135       0.0000       0.0000       0.0000       0.0000       0.0000       0.0000       0.5106
     136       0.0000       0.0000       0.0000       0.0000       0.0000       0.0000       0.0000
     137       0.0000       0.0013       0.0000       0.0000       0.0000       0.0000       0.0000
     138       0.0000       0.0000       0.0001       0.0000       0.0000       0.9943       0.0056
     139       0.0000       0.0000       0.0001       0.0000       0.0000       0.9943       0.0056
     140       0.0000       0.0013       0.0001       0.0000       0.0000       0.0000       0.7077
     141       0.0000       0.0000       0.0000       0.0000       0.0000       0.0000       0.0000
     142       0.0000       0.0000       0.0000       0.9895       0.0000       0.0104       0.0001
     143       0.0000       0.0000       0.0000       0.9896       0.0000       0.0104       0.0000
     144       0.0000       0.0000       0.0000       0.9976       0.0000       0.0024       0.0000
     145       0.0000       0.0000       0.0000       0.9996       0.0000       0.0004       0.0000
     146       0.0000       0.0000       0.0000       0.9994       0.0000       0.0006       0.0000
     147       0.0000       0.0000       0.0000       0.9930       0.0000       0.0070       0.0000
     148       0.0000       0.0000       0.0000       0.9946       0.0000       0.0054       0.0000
     149       0.0000       0.0000       0.0000       0.9992       0.0000       0.0008       0.0000
     150       0.0000       0.0000       0.0000       0.9990       0.0000       0.0010       0.0000
     151       0.0000       0.0000       0.0000       0.9999       0.0000       0.0001       0.0000
     152       0.0000       0.0000       0.0000       0.9998       0.0000       0.0002       0.0000
     153       0.0000       0.0000       0.0000       0.9982       0.0000       0.0018       0.0000
     154       0.0000       0.0000       0.0000       0.9999       0.0000       0.0001       0.0000
     155       0.0000       0.0000       0.0000       0.9991       0.0000       0.0009       0.0000
     156       0.0000       0.0000       0.0013       0.9960       0.0000       0.0026       0.0001
     157       0.0000       0.0000       0.0014       0.8714       0.0000       0.1272       0.0000
     158       0.0000       0.0000       0.0014       0.3678       0.0000       0.6307       0.0001
     159       0.0000       0.0000       0.0001       0.3677       0.0000       0.6316       0.0006
     160       0.0000       0.0000       0.0000       0.0005       0.0000       0.0000       0.0001
     161       0.0000       0.0000       0.0000       0.0000       0.0000       0.0008       0.7944
     162       0.0000       0.0000       0.0000       0.0000       0.0000       0.0008       0.9887
     163       0.0000       0.0000       0.0000       0.0000       0.0000       0.0000       0.8243
     164       0.3632       0.0000       0.0000       0.0000       0.0000       0.0000       0.0000
     165       0.9992       0.0000       0.0000       0.0000       0.0000       0.0000       0.0000
     166       0.9998       0.0000       0.0000       0.0000       0.0000       0.0000       0.0000
     167       0.9997       0.0000       0.0000       0.0000       0.0000       0.0000       0.0000
     168       0.7540       0.0000       0.0000       0.0000       0.0000       0.0000       0.0000
     169       0.0000       0.0000       0.0000       0.0000       0.0000       0.0000       0.0000
     170       0.0000       0.0001       0.0026       0.1989       0.0000       0.0201       0.7665
     171       0.0000       0.0000       0.2528       0.1989       0.0000       0.4957       0.0526
     172       0.0000       0.0000       0.2528       0.1989       0.0000       0.5445       0.0038
     173       0.0000       0.0000       0.2513       0.1989       0.0000       0.5213       0.0257
     174       0.0068       0.0000       0.0000       0.0002       0.0000       0.0006       0.1725
     175       0.0000       0.0000       0.1531       0.3084       0.0000       0.0818       0.4566
     176       0.0000       0.0000       0.3279       0.3359       0.0000       0.3214       0.0148
     177       0.0000       0.0001       0.3474       0.3816       0.0000       0.2629       0.0080
     178       0.0000       0.0000       0.3666       0.3816       0.0000       0.1963       0.0552
     179       0.0000       0.0000       0.2989       0.2094       0.0000       0.4827       0.0090
     180       0.0000       0.0000       0.2545       0.1415       0.0000       0.5806       0.0233
     181       0.0000       0.0000       0.0000       0.0000       0.0000       0.0000       0.0001
     182       0.0000       0.0000       0.0000       0.0000       0.0000       0.0000       0.0000
     183       0.0000       0.0000       0.0000       0.0000       0.0000       0.0000       0.0000
     184       0.0000       0.0000       0.0000       0.0000       0.0000       0.0000       0.0000
     185       0.0000       0.0000       0.0004       0.0000       0.0000       0.8767       0.1229
     186       0.0000       0.0000       0.0004       0.0000       0.0000       0.8767       0.1229
     187       0.0000       0.0000       0.0004       0.0000       0.0000       0.0000       0.0001
     188       0.0000       0.0000       0.0000       0.0000       0.0000       0.0050       0.0133
     189       0.0000       0.0000       0.0000       0.0000       0.0000       0.0050       0.9007
     190       0.4913       0.0000       0.0000       0.0000       0.0000       0.0000       0.0313
     191       0.9957       0.0000       0.0000       0.0000       0.0000       0.0000       0.0000
     192       1.0000       0.0000       0.0000       0.0000       0.0000       0.0000       0.0000
     193       0.9947       0.0000       0.0000       0.0000       0.0000       0.0000       0.0000
     194       0.5898       0.0000       0.0000       0.0000       0.0000       0.0000       0.0000
     195       0.7666       0.0000       0.0000       0.0000       0.0000       0.0000       0.0000
     196       0.7089       0.0000       0.0000       0.0000       0.0000       0.0000       0.0000
     197       0.0000       0.0000       0.0000       0.0000       0.0000       0.0000       0.0000
     198       0.0000       0.0000       0.0000       0.0000       0.0000       0.0005       0.3944
     199       0.0000       0.0000       0.0000       0.0000       0.0000       0.0005       0.9004
     200       0.0000       0.0000       0.0000       0.9955       0.0000       0.0044       0.0001
     201       0.0000       0.0000       0.0000       0.9955       0.0000       0.0045       0.0000
     202       0.0000       0.0000       0.0010       0.9955       0.0000       0.0035       0.0000
     203       0.0000       0.0000       0.0010       0.9955       0.0000       0.0030       0.0004
     204       0.0000       0.0000       0.0010       0.0652       0.0000       0.7808       0.1487
     205       0.0000       0.0000       0.0000       0.0000       0.0000       0.9876       0.0122
     206       0.0000       0.0000       0.0000       0.0000       0.0000       0.9876       0.0124
     207       0.0000       0.0000       0.0000       0.0000       0.0000       0.0000       0.0001
     208       0.0000       0.0000       0.0000       0.0000       0.0000       0.9487       0.0513
     209       0.0000       0.0000       0.0000       0.0000       0.0000       0.9487       0.0513
     210       0.0000       0.0000       0.0000       0.0000       0.0000       0.0000       0.9713
     211       0.0000       0.0000       0.0029       0.0000       0.0000       0.9138       0.0833
     212       0.0000       0.0000       0.0034       0.0001       0.0000       0.9141       0.0820
     213       0.0000       0.0000       0.6087       0.0855       0.0000       0.2409       0.0014
     214       0.0000       0.0000       0.6580       0.0855       0.0000       0.2458       0.0107
     215       0.0000       0.0000       0.6601       0.0855       0.0000       0.2387       0.0157
     216       0.0000       0.0000       0.5504       0.0854       0.0000       0.2306       0.1124
     217       0.0000       0.0000       0.0111       0.0000       0.0000       0.9501       0.0021
     218       0.0000       0.0000       0.0111       0.0000       0.0000       0.9499       0.0360
     219       0.0000       0.0000       0.0000       0.0000       0.0000       0.0000       0.0000
     220       0.0000       0.0000       0.0000       0.0000       0.0000       0.0000       0.0000
     221       0.0000       0.0000       0.0000       0.0000       0.0000       0.0001       0.0222
     222       0.0000       0.0000       0.0000       0.0000       0.0000       0.0001       0.0000
     223       0.0000       0.0000       0.0000       0.0000       0.0000       0.0000       0.2588
     224       0.0000       0.0000       0.0057       0.9507       0.0000       0.0409       0.0028
     225       0.0000       0.0000       0.0065       0.9540       0.0000       0.0391       0.0004
     226       0.0000       0.0000       0.0067       0.9777       0.0000       0.0152       0.0004
     227       0.0000       0.0000       0.0028       0.9824       0.0000       0.0120       0.0028
     228       0.0000       0.0000       0.0009       0.9928       0.0000       0.0062       0.0001
     229       0.0000       0.0000       0.0008       0.9870       0.0000       0.0122       0.0000
     230       0.0000       0.0000       0.0007       0.9799       0.0000       0.0184       0.0009
     231       0.0000       0.0000       0.0002       0.9880       0.0000       0.0111       0.0006
     232       0.0000       0.0000       0.0002       0.9974       0.0000       0.0022       0.0001
     233       0.0000       0.0000       0.0002       0.9995       0.0000       0.0003       0.0000
     234       0.0000       0.0000       0.0000       0.9998       0.0000       0.0002       0.0000
     235       0.0000       0.0000       0.0000       0.9991       0.0000       0.0009       0.0000
     236       0.0000       0.0000       0.0000       1.0000       0.0000       0.0000       0.0000
     237       0.0000       0.0000       0.0000       0.9999       0.0000       0.0001       0.0000
     238       0.0000       0.0000       0.0000       1.0000       0.0000       0.0000       0.0000
     239       0.0000       0.0000       0.0000       1.0000       0.0000       0.0000       0.0000
     240       0.0000       0.0000       0.0001       0.9993       0.0000       0.0006       0.0000
     241       0.0000       0.0000       0.0001       0.9997       0.0000       0.0001       0.0000
     242       0.0000       0.0000       0.0001       0.9765       0.0000       0.0234       0.0000
     243       0.0000       0.0000       0.0001       0.9637       0.0000       0.0355       0.0007
     244       0.0000       0.0000       0.0000       0.6534       0.0000       0.2972       0.0254
     245       0.0000       0.0000       0.0000       0.0000       0.0000       0.7389       0.0027
     246       0.0000       0.0000       0.0000       0.0000       0.0000       0.0000       0.0974
     247       0.0000       0.0000       0.0000       0.0000       0.0000       0.0000       0.0000
     248       0.9954       0.0000       0.0000       0.0000       0.0000       0.0000       0.0000
     249       0.9996       0.0000       0.0000       0.0000       0.0000       0.0000       0.0000
     250       0.9992       0.0000       0.0000       0.0000       0.0000       0.0000       0.0000
     251       0.0000       0.0000       0.0000       0.0000       0.0000       0.0003       0.1245
     252       0.7655       0.0000       0.0000       0.0000       0.0000       0.0002       0.0080
     253       0.9245       0.0000       0.0000       0.0000       0.0000       0.0000       0.0000
     254       0.0664       0.0000       0.0000       0.0000       0.0000       0.0000       0.0000
     255       0.0000       0.0000       0.0000       0.0000       0.0000       0.0000       0.0000
     256       0.0000       0.0000       0.0000       0.0000       0.0000       0.0000       0.0000
     257       0.0000       0.0000       0.0000       0.0000       0.0000       0.9975       0.0025
     258       0.0000       0.0000       0.0000       0.0000       0.0000       0.9975       0.0025
     259       0.0000       0.0000       0.0000       0.0000       0.0000       0.0000       1.0000
     260       0.0000       0.0000       0.0000       0.0000       0.0000       0.0000       0.0000
     261       0.0000       0.0000       0.0000       0.9982       0.0000       0.0014       0.0004
     262       0.0000       0.0000       0.0000       0.9987       0.0000       0.0013       0.0000
     263       0.0000       0.0000       0.0000       1.0000       0.0000       0.0000       0.0000
     264       0.0000       0.0000       0.0000       1.0000       0.0000       0.0000       0.0000
     265       0.0000       0.0000       0.0000       1.0000       0.0000       0.0000       0.0000
     266       0.0000       0.0000       0.0000       1.0000       0.0000       0.0000       0.0000
     267       0.0000       0.0000       0.0000       0.9999       0.0000       0.0001       0.0000
     268       0.0000       0.0000       0.0000       1.0000       0.0000       0.0000       0.0000
     269       0.0000       0.0000       0.0000       1.0000       0.0000       0.0000       0.0000
     270       0.0000       0.0000       0.0000       1.0000       0.0000       0.0000       0.0000
     271       0.0000       0.0000       0.0000       0.9999       0.0000       0.0001       0.0000
     272       0.0000       0.0000       0.0000       0.9991       0.0000       0.0009       0.0000
     273       0.0000       0.0000       0.0000       1.0000       0.0000       0.0000       0.0000
     274       0.0000       0.0000       0.0000       0.9999       0.0000       0.0001       0.0000
     275       0.0000       0.0000       0.0000       0.9968       0.0000       0.0032       0.0000
     276       0.0000       0.0000       0.0046       0.9861       0.0000       0.0093       0.0000
     277       0.0000       0.0000       0.0046       0.5091       0.0000       0.4862       0.0001
     278       0.0000       0.0000       0.0046       0.1921       0.0000       0.8030       0.0002
     279       0.0000       0.0000       0.0000       0.0000       0.0000       0.9970       0.0000
     280       0.0000       0.0000       0.0000       0.0000       0.0000       0.0000       0.0000
     281       0.9383       0.0000       0.0000       0.0000       0.0000       0.0000       0.0000
     282       0.9997       0.0000       0.0000       0.0000       0.0000       0.0000       0.0000
     283       0.9173       0.0000       0.0000       0.0000       0.0000       0.0000       0.0000
     284       0.9999       0.0000       0.0000       0.0000       0.0000       0.0000       0.0000
     285       0.0664       0.0000       0.0000       0.0000       0.0000       0.0000       0.9336
     286       0.4367       0.0000       0.0000       0.0000       0.0000       0.0000       0.0000
     287       0.0000       0.0000       0.0000       0.0000       0.0000       0.0001       0.9999
     288       0.3132       0.0001       0.0000       0.0000       0.0000       0.0001       0.6866
     289       0.0000       0.0001       0.0443       0.0000       0.0000       0.0109       0.9447
     290       0.0000       0.0000       0.0443       0.0000       0.0000       0.4488       0.5070
     291       0.0000       0.0000       0.0443       0.0000       0.0000       0.4473       0.5084
     292       0.4367       0.0001       0.0000       0.0000       0.0000       0.0000       0.0014
     293       0.0000       0.0001       0.0000       0.0000       0.0000       0.0000       0.7996
     294       0.3133       0.6562       0.0000       0.0000       0.0000       0.0000       0.0190
     295       0.0000       0.9306       0.0000       0.0000       0.0000       0.0000       0.0000
     296       0.0000       0.0000       0.0172       0.0000       0.0000       0.9779       0.0048
     297       0.0000       0.0000       0.0172       0.0000       0.0000       0.9780       0.0048
     298       0.0000       0.0000       0.0172       0.0000       0.0000       0.9780       0.0048
     299       0.0000       0.0000       0.0000       0.0000       0.0000       0.9659       0.0020
     300       0.0000       0.9306       0.0000       0.0000       0.0000       0.0000       0.0243
     301       0.0000       0.9540       0.0000       0.0000       0.0000       0.0000       0.0000
     302       0.0000       0.0000       0.0000       0.0000       0.0000       0.0000       0.0000
     303       0.0000       0.0000       0.0001       0.9816       0.0000       0.0160       0.0023
     304       0.0000       0.0000       0.0001       0.9839       0.0000       0.0159       0.0001
     305       0.0000       0.0000       0.0008       0.9933       0.0000       0.0059       0.0000
     306       0.0000       0.0000       0.0018       0.9955       0.0000       0.0022       0.0005
     307       0.0000       0.0000       0.0181       0.9032       0.0000       0.0785       0.0002
     308       0.0000       0.0000       0.0267       0.7993       0.0000       0.1738       0.0003
     309       0.0000       0.0000       0.0252       0.6766       0.0000       0.2779       0.0196
     310       0.0000       0.0000       0.0121       0.2270       0.0000       0.1635       0.0000
     311       0.0000       0.0000       0.0000       0.0000       0.0000       0.0000       0.0000
