#Res        B-factors
   1.000     368.9167
   2.000     116.7856
   3.000      40.9919
   4.000      21.3568
   5.000      19.3950
   6.000      19.6950
   7.000      12.7504
   8.000      10.7093
   9.000      15.9374
  10.000      17.0421
  11.000      12.6167
  12.000      11.3127
  13.000       7.2203
  14.000       5.1977
  15.000       3.9490
  16.000       3.5603
  17.000       6.1641
  18.000      10.1954
  19.000      11.7835
  20.000       8.2141
  21.000       6.6529
  22.000      11.3532
  23.000      11.6157
  24.000      16.6537
  25.000      20.3444
  26.000      16.5657
  27.000      23.7234
  28.000      25.0512
  29.000      24.6168
  30.000      36.4924
  31.000      27.8682
  32.000      15.5901
  33.000      11.6296
  34.000      12.1766
  35.000      11.0204
  36.000      10.7501
  37.000       8.0539
  38.000       6.0868
  39.000       7.4981
  40.000       8.1610
  41.000       6.2705
  42.000       8.1080
  43.000      11.0932
  44.000      11.8311
  45.000      15.6768
  46.000       7.9480
  47.000       9.5369
  48.000       5.1492
  49.000       3.7634
  50.000       3.5058
  51.000       5.2676
  52.000       5.8537
  53.000       5.0280
  54.000       6.3027
  55.000      10.4633
  56.000      19.0791
  57.000      22.4680
  58.000      12.8315
  59.000      12.5200
  60.000      15.3628
  61.000      24.3674
  62.000      26.1699
  63.000      21.8439
  64.000      21.5874
  65.000      10.7242
  66.000      10.6268
  67.000       8.7807
  68.000      12.1122
  69.000      14.4617
  70.000      16.6361
  71.000      10.9340
  72.000       9.0384
  73.000      10.0377
  74.000       9.5557
  75.000       7.9913
  76.000       7.3047
  77.000       9.3692
  78.000       8.7059
  79.000       7.4822
  80.000       8.7135
  81.000       9.5131
  82.000       7.2129
  83.000       9.1870
  84.000      11.9335
  85.000       8.4255
  86.000      10.8837
  87.000       7.1640
  88.000       6.1450
  89.000       4.6929
  90.000       3.8972
  91.000       4.6370
  92.000       6.7146
  93.000       6.7468
  94.000       8.4261
  95.000       8.9297
  96.000      10.4394
  97.000      12.9146
  98.000      14.2174
  99.000      10.0800
 100.000      12.2300
 101.000      17.9009
 102.000      15.6056
 103.000      13.5016
 104.000      17.5099
 105.000      17.7135
 106.000      11.5267
 107.000      10.9279
 108.000      11.0255
 109.000       9.0274
 110.000       7.8894
 111.000       7.1344
 112.000       8.0479
 113.000       7.4533
 114.000       6.2268
 115.000       6.9002
 116.000       6.1797
 117.000       6.5760
 118.000       7.8234
 119.000       8.8240
 120.000       9.0871
 121.000       9.4830
 122.000      11.7458
 123.000      16.5100
 124.000      11.4772
 125.000      13.0737
 126.000      13.3394
 127.000       7.6031
 128.000       5.3634
 129.000       4.3731
 130.000       5.2080
 131.000       4.6219
 132.000       6.6119
 133.000       6.1675
 134.000       8.3680
 135.000      29.4168
 136.000      12.0197
 137.000      14.4727
 138.000      18.7008
 139.000      14.9750
 140.000      11.0288
 141.000      13.2797
 142.000      13.2314
 143.000      15.8805
 144.000      12.3598
 145.000       8.6298
 146.000       9.7598
 147.000      13.3335
 148.000      11.7367
 149.000      10.9219
 150.000      12.8022
 151.000      10.6988
 152.000       9.1098
 153.000       9.1233
 154.000      11.5108
 155.000       9.4074
 156.000       8.5263
 157.000      10.7542
 158.000      13.4149
 159.000      12.6435
 160.000      15.5035
 161.000      41.2261
 162.000      30.7137
 163.000      10.1207
 164.000       7.2637
 165.000       5.5472
 166.000       5.1340
 167.000       5.4238
 168.000       9.8173
 169.000       8.5819
 170.000       9.7954
 171.000      15.6309
 172.000      24.2596
 173.000      41.7782
 174.000      66.4339
 175.000      61.5295
 176.000      85.6193
 177.000      25.8697
 178.000      13.7245
 179.000      16.4592
 180.000      18.9117
 181.000      10.4924
 182.000      16.0523
 183.000      26.9554
 184.000      34.8267
 185.000      55.3540
 186.000      36.1479
 187.000      34.5137
 188.000      49.0220
 189.000      39.2293
 190.000       9.7828
 191.000       5.4488
 192.000       5.0896
 193.000       6.1070
 194.000       9.5137
 195.000       8.2831
 196.000       8.2163
 197.000       8.7480
 198.000      11.7288
 199.000      12.3837
 200.000      13.6463
 201.000      20.9816
 202.000      11.9978
 203.000       8.4154
 204.000      13.1797
 205.000      20.6405
 206.000      36.2347
 207.000      35.5206
 208.000      73.2779
 209.000      95.0697
 210.000      56.5402
 211.000      93.3613
 212.000      90.5375
 213.000      46.4432
 214.000      54.2002
 215.000      60.0010
 216.000      34.4064
 217.000      33.5823
 218.000      39.8533
 219.000      24.3746
 220.000      17.9306
 221.000      13.6267
 222.000      20.1257
 223.000      27.8782
 224.000      35.9637
 225.000      42.2450
 226.000      27.9605
 227.000      16.8798
 228.000      28.0623
 229.000      33.7742
 230.000      17.6446
 231.000      12.8265
 232.000      17.7353
 233.000      12.9095
 234.000       9.1958
 235.000      13.0732
 236.000      13.1346
 237.000       9.4518
 238.000      14.3892
 239.000      18.5005
 240.000      12.2238
 241.000      15.8560
 242.000      25.8369
 243.000      20.1888
 244.000      18.7083
 245.000      18.7427
 246.000      15.5626
 247.000      10.9376
 248.000       7.6444
 249.000       5.7379
 250.000       5.6331
 251.000       8.2902
 252.000       5.5285
 253.000       5.1116
 254.000       6.0306
 255.000       7.1096
 256.000      11.1886
 257.000      17.4723
 258.000      20.8648
 259.000      15.1294
 260.000      16.2842
 261.000      16.0391
 262.000      14.6234
 263.000      10.4255
 264.000       8.7970
 265.000       8.2830
 266.000       8.6979
 267.000       6.2192
 268.000       6.1647
 269.000       7.9161
 270.000       7.0522
 271.000       6.7538
 272.000       6.8254
 273.000       8.4245
 274.000       7.9043
 275.000       8.0732
 276.000      12.1444
 277.000      13.2743
 278.000      12.0800
 279.000      12.9219
 280.000       8.2983
 281.000       6.4961
 282.000       5.8951
 283.000       5.3685
 284.000       4.0092
 285.000       4.5240
 286.000       4.7818
 287.000       5.0887
 288.000      10.3015
 289.000      15.3728
 290.000      20.5073
 291.000       9.4091
 292.000      10.8974
 293.000       8.5861
 294.000       8.6700
 295.000      18.9891
 296.000      31.0815
 297.000      47.8074
 298.000      37.1118
 299.000      22.2502
 300.000      17.2792
 301.000      10.3951
 302.000      11.5485
 303.000      14.6124
 304.000      16.2164
 305.000      10.1006
 306.000       8.8811
 307.000      12.8869
 308.000      14.2606
 309.000      12.8285
 310.000      37.4113
 311.000     173.9283
