#Residue         Para         Anti         3-10        Alpha           Pi         Turn         Bend
       1       0.0000       0.0000       0.0000       0.0000       0.0000       0.0000       0.0000
       2       0.0000       0.0000       0.0000       0.0000       0.0000       0.0000       0.0000
       3       0.0000       0.0000       0.0000       0.0000       0.0000       0.0000       0.1061
       4       0.0000       0.0000       0.0020       0.9649       0.0000       0.0311       0.0020
       5       0.0000       0.0000       0.0020       0.9702       0.0000       0.0277       0.0001
       6       0.0000       0.0000       0.0022       0.9895       0.0000       0.0082       0.0001
       7       0.0000       0.0000       0.0017       0.9937       0.0000       0.0043       0.0004
       8       0.0000       0.0000       0.0103       0.9837       0.0000       0.0059       0.0001
       9       0.0000       0.0000       0.0158       0.9683       0.0000       0.0158       0.0001
      10       0.0000       0.0000       0.0158       0.9403       0.0000       0.0437       0.0001
      11       0.0000       0.0000       0.0099       0.8976       0.0000       0.0795       0.0130
      12       0.0000       0.0000       0.0001       0.0000       0.0000       0.0009       0.0505
      13       0.8901       0.0000       0.0000       0.0000       0.0000       0.0002       0.1091
      14       0.9952       0.0000       0.0000       0.0000       0.0000       0.0000       0.0000
      15       1.0000       0.0000       0.0000       0.0000       0.0000       0.0000       0.0000
      16       0.9999       0.0000       0.0000       0.0000       0.0000       0.0000       0.0000
      17       0.0000       0.0000       0.0000       0.0000       0.0000       0.0000       0.0000
      18       0.0000       0.0000       0.0000       0.0000       0.0000       0.0232       0.0000
      19       0.0000       0.0000       0.0000       0.0000       0.0000       0.0232       0.9768
      20       0.0000       0.0000       0.0060       0.0000       0.0000       0.1571       0.8369
      21       0.0159       0.0000       0.0060       0.0000       0.0000       0.8785       0.0996
      22       0.0000       0.0000       0.0060       0.0000       0.0000       0.8869       0.1070
      23       0.0000       0.0000       0.0000       0.0000       0.0000       0.0000       1.0000
      24       0.0000       0.0000       0.0000       0.0000       0.0000       0.0001       0.9999
      25       0.0000       0.0000       0.0000       0.0000       0.0000       0.0001       0.9999
      26       0.0000       0.0000       0.0000       0.0000       0.0000       0.9984       0.0016
      27       0.0000       0.0003       0.0000       0.0000       0.0000       0.9981       0.0016
      28       0.0000       0.0000       0.0000       0.0000       0.0000       0.9249       0.0751
      29       0.0000       0.0000       0.0000       0.0000       0.0000       0.8907       0.1093
      30       0.0000       0.0000       0.0000       0.0000       0.0000       0.0004       0.9996
      31       0.0000       0.0003       0.0000       0.0000       0.0000       0.0000       0.0000
      32       0.0000       0.0000       0.0000       0.0000       0.0000       0.0000       0.0000
      33       0.0000       0.0000       0.0000       0.0000       0.0000       0.0000       0.0000
      34       0.0000       0.0000       0.0000       0.0000       0.0000       0.0000       0.0000
      35       0.0000       0.0000       0.0006       0.1546       0.0000       0.8054       0.0394
      36       0.0000       0.0000       0.0006       0.7427       0.0000       0.2563       0.0004
      37       0.0000       0.0000       0.0006       0.9993       0.0000       0.0001       0.0000
      38       0.0000       0.0000       0.0000       0.9999       0.0000       0.0001       0.0000
      39       0.0000       0.0000       0.0000       1.0000       0.0000       0.0000       0.0000
      40       0.0000       0.0000       0.0000       1.0000       0.0000       0.0000       0.0000
      41       0.0000       0.0000       0.0000       0.9997       0.0000       0.0003       0.0000
      42       0.0000       0.0000       0.0002       0.9989       0.0000       0.0009       0.0000
      43       0.0000       0.0000       0.0002       0.9740       0.0000       0.0258       0.0000
      44       0.0000       0.0000       0.0002       0.3994       0.0000       0.5999       0.0004
      45       0.0000       0.0000       0.0000       0.0001       0.0000       0.9973       0.0013
      46       0.0000       0.0000       0.0000       0.0000       0.0000       0.0000       0.0000
      47       0.0000       0.0000       0.0000       0.0000       0.0000       0.0000       0.6600
      48       1.0000       0.0000       0.0000       0.0000       0.0000       0.0000       0.0000
      49       1.0000       0.0000       0.0000       0.0000       0.0000       0.0000       0.0000
      50       1.0000       0.0000       0.0000       0.0000       0.0000       0.0000       0.0000
      51       0.9751       0.0000       0.0000       0.0000       0.0000       0.0000       0.0000
      52       0.8235       0.0000       0.0000       0.0000       0.0000       0.0000       0.0000
      53       0.8336       0.0000       0.0000       0.0000       0.0000       0.0000       0.0000
      54       0.5451       0.0000       0.0000       0.0000       0.0000       0.0000       0.0000
      55       0.0000       0.0000       0.0523       0.0083       0.0000       0.0556       0.0002
      56       0.0000       0.0000       0.3883       0.0083       0.0000       0.5142       0.0892
      57       0.0000       0.0000       0.3883       0.0083       0.0000       0.5476       0.0558
      58       0.0000       0.0000       0.3561       0.0083       0.0000       0.3820       0.2536
      59       0.0000       0.9820       0.0000       0.0000       0.0000       0.0000       0.0179
      60       0.0000       0.0000       0.0000       0.0000       0.0000       0.0000       0.0000
      61       0.0000       0.0000       0.0000       0.0000       0.0000       0.0000       0.9999
      62       0.0000       0.0000       0.0000       0.0000       0.0000       0.0000       1.0000
      63       0.0000       0.0000       0.0000       0.0000       0.0000       1.0000       0.0000
      64       0.0000       0.0000       0.0000       0.0000       0.0000       1.0000       0.0000
      65       0.0000       0.0000       0.0000       0.0000       0.0000       0.0391       0.0000
      66       0.0000       0.0000       0.0000       0.0000       0.0000       0.0000       0.0000
      67       0.0000       0.9820       0.0000       0.0000       0.0000       0.0000       0.0000
      68       0.0000       0.0000       0.0000       0.0000       0.0000       0.0000       0.0000
      69       0.0000       0.0000       0.0000       0.9983       0.0000       0.0017       0.0000
      70       0.0000       0.0000       0.0000       0.9983       0.0000       0.0017       0.0000
      71       0.0000       0.0000       0.0000       0.9994       0.0000       0.0006       0.0000
      72       0.0000       0.0000       0.0000       0.9999       0.0000       0.0001       0.0000
      73       0.0000       0.0000       0.0000       0.9998       0.0000       0.0002       0.0000
      74       0.0000       0.0000       0.0000       0.9999       0.0000       0.0001       0.0000
      75       0.0000       0.0000       0.0000       1.0000       0.0000       0.0000       0.0000
      76       0.0000       0.0000       0.0000       1.0000       0.0000       0.0000       0.0000
      77       0.0000       0.0000       0.0000       1.0000       0.0000       0.0000       0.0000
      78       0.0000       0.0000       0.0000       1.0000       0.0000       0.0000       0.0000
      79       0.0000       0.0000       0.0000       1.0000       0.0000       0.0000       0.0000
      80       0.0000       0.0000       0.0000       0.9999       0.0000       0.0001       0.0000
      81       0.0000       0.0000       0.0000       0.9999       0.0000       0.0001       0.0000
      82       0.0000       0.0000       0.0000       0.9999       0.0000       0.0001       0.0000
      83       0.0000       0.0000       0.0043       0.9951       0.0000       0.0006       0.0000
      84       0.0000       0.0000       0.0043       0.2903       0.0000       0.7054       0.0000
      85       0.0000       0.0000       0.0043       0.0411       0.0000       0.9546       0.0000
      86       0.0000       0.0000       0.0000       0.0000       0.0000       0.9956       0.0033
      87       0.0000       0.0000       0.0000       0.0000       0.0000       0.0000       0.0000
      88       1.0000       0.0000       0.0000       0.0000       0.0000       0.0000       0.0000
      89       1.0000       0.0000       0.0000       0.0000       0.0000       0.0000       0.0000
      90       1.0000       0.0000       0.0000       0.0000       0.0000       0.0000       0.0000
      91       0.9998       0.0000       0.0000       0.0000       0.0000       0.0000       0.0000
      92       0.9925       0.0000       0.0000       0.0000       0.0000       0.0000       0.0000
      93       0.8339       0.0000       0.0000       0.0000       0.0000       0.0000       0.0000
      94       0.5492       0.0000       0.0000       0.0000       0.0000       0.0000       0.0000
      95       0.0000       0.0000       0.0000       0.0000       0.0000       0.0000       0.1521
      96       0.0000       0.0000       0.0000       0.0000       0.0000       0.0000       0.0000
      97       0.0000       0.0000       0.0482       0.6047       0.0000       0.2919       0.0001
      98       0.0000       0.0000       0.0562       0.8211       0.0000       0.1196       0.0030
      99       0.0000       0.0000       0.0577       0.8211       0.0000       0.1211       0.0000
     100       0.0000       0.0000       0.0519       0.8211       0.0000       0.1263       0.0007
     101       0.0000       0.0000       0.0018       0.8170       0.0000       0.1780       0.0031
     102       0.0000       0.0000       0.0000       0.0000       0.0000       0.0000       0.0336
     103       0.0000       0.0000       0.0299       0.4944       0.0000       0.4271       0.0484
     104       0.0000       0.0000       0.0376       0.4954       0.0000       0.4580       0.0090
     105       0.0000       0.0000       0.0377       0.4954       0.0000       0.4644       0.0025
     106       0.0000       0.0000       0.0099       0.4956       0.0000       0.3301       0.1643
     107       0.0000       0.0000       0.0001       0.9826       0.0000       0.0011       0.0060
     108       0.0000       0.0000       0.0000       0.9994       0.0000       0.0006       0.0001
     109       0.0000       0.0000       0.0000       0.9996       0.0000       0.0004       0.0000
     110       0.0000       0.0000       0.0000       1.0000       0.0000       0.0000       0.0000
     111       0.0000       0.0000       0.0000       1.0000       0.0000       0.0000       0.0000
     112       0.0000       0.0000       0.0000       1.0000       0.0000       0.0000       0.0000
     113       0.0000       0.0000       0.0000       0.9999       0.0000       0.0001       0.0000
     114       0.0000       0.0000       0.0000       1.0000       0.0000       0.0000       0.0000
     115       0.0000       0.0000       0.0000       1.0000       0.0000       0.0000       0.0000
     116       0.0000       0.0000       0.0000       1.0000       0.0000       0.0000       0.0000
     117       0.0000       0.0000       0.0000       0.9999       0.0000       0.0001       0.0000
     118       0.0000       0.0000       0.0016       0.9927       0.0000       0.0057       0.0000
     119       0.0000       0.0000       0.0031       0.9763       0.0000       0.0206       0.0000
     120       0.0000       0.0000       0.0031       0.9557       0.0000       0.0401       0.0011
     121       0.0000       0.0000       0.0035       0.6158       0.0000       0.2144       0.1477
     122       0.0000       0.0000       0.0018       0.0004       0.0000       0.8736       0.1242
     123       0.0000       0.0000       0.0018       0.0000       0.0000       0.8734       0.1249
     124       0.0000       0.0000       0.0000       0.0000       0.0000       0.0000       0.9784
     125       0.0000       0.0000       0.0000       0.0000       0.0000       0.0000       0.0000
     126       0.0000       0.0000       0.0000       0.0000       0.0000       0.9835       0.0165
     127       0.0000       0.0000       0.0000       0.0000       0.0000       0.9835       0.0151
     128       0.9985       0.0000       0.0000       0.0000       0.0000       0.0000       0.0001
     129       0.9994       0.0000       0.0000       0.0000       0.0000       0.0000       0.0000
     130       1.0000       0.0000       0.0000       0.0000       0.0000       0.0000       0.0000
     131       1.0000       0.0000       0.0000       0.0000       0.0000       0.0000       0.0000
     132       0.0000       0.0000       0.0000       0.0000       0.0000       0.0000       0.1104
     133       0.0107       0.0000       0.0000       0.0000       0.0000       0.0000       0.0184
     134       0.0061       0.0000       0.0000       0.0000       0.0000       0.0000       0.9831
     135       0.0000       0.0000       0.0000       0.0000       0.0000       0.0000       0.4012
     136       0.0000       0.0000       0.0000       0.0000       0.0000       0.0000       0.0000
     137       0.0000       0.0008       0.0000       0.0000       0.0000       0.0000       0.0000
     138       0.0000       0.0000       0.0001       0.0000       0.0000       0.9985       0.0014
     139       0.0000       0.0000       0.0001       0.0000       0.0000       0.9985       0.0014
     140       0.0000       0.0008       0.0001       0.0000       0.0000       0.0000       0.7263
     141       0.0000       0.0000       0.0000       0.0000       0.0000       0.0000       0.0000
     142       0.0000       0.0000       0.0000       0.9951       0.0000       0.0049       0.0000
     143       0.0000       0.0000       0.0000       0.9952       0.0000       0.0048       0.0000
     144       0.0000       0.0000       0.0000       0.9996       0.0000       0.0004       0.0000
     145       0.0000       0.0000       0.0000       1.0000       0.0000       0.0000       0.0000
     146       0.0000       0.0000       0.0000       1.0000       0.0000       0.0000       0.0000
     147       0.0000       0.0000       0.0000       1.0000       0.0000       0.0000       0.0000
     148       0.0000       0.0000       0.0000       1.0000       0.0000       0.0000       0.0000
     149       0.0000       0.0000       0.0000       0.9998       0.0000       0.0002       0.0000
     150       0.0000       0.0000       0.0000       1.0000       0.0000       0.0000       0.0000
     151       0.0000       0.0000       0.0000       1.0000       0.0000       0.0000       0.0000
     152       0.0000       0.0000       0.0000       1.0000       0.0000       0.0000       0.0000
     153       0.0000       0.0000       0.0000       0.9989       0.0000       0.0011       0.0000
     154       0.0000       0.0000       0.0000       1.0000       0.0000       0.0000       0.0000
     155       0.0000       0.0000       0.0000       0.9999       0.0000       0.0001       0.0000
     156       0.0000       0.0000       0.0000       0.9998       0.0000       0.0002       0.0000
     157       0.0000       0.0000       0.0000       0.8911       0.0000       0.1089       0.0000
     158       0.0000       0.0000       0.0000       0.3613       0.0000       0.6387       0.0000
     159       0.0000       0.0000       0.0000       0.3613       0.0000       0.6387       0.0000
     160       0.0000       0.0000       0.0000       0.0001       0.0000       0.0000       0.0000
     161       0.0000       0.0000       0.0000       0.0000       0.0000       0.0000       0.9189
     162       0.0000       0.0000       0.0000       0.0000       0.0000       0.0000       0.9848
     163       0.0000       0.0000       0.0000       0.0000       0.0000       0.0000       0.9766
     164       0.3689       0.0000       0.0000       0.0000       0.0000       0.0000       0.0000
     165       1.0000       0.0000       0.0000       0.0000       0.0000       0.0000       0.0000
     166       1.0000       0.0000       0.0000       0.0000       0.0000       0.0000       0.0000
     167       0.9999       0.0000       0.0000       0.0000       0.0000       0.0000       0.0000
     168       0.7764       0.0000       0.0000       0.0000       0.0000       0.0000       0.0000
     169       0.0000       0.0000       0.0000       0.0000       0.0000       0.0000       0.0000
     170       0.0000       0.0004       0.0000       0.0629       0.0000       0.0230       0.9126
     171       0.0000       0.0000       0.3718       0.0629       0.0000       0.4209       0.1444
     172       0.0000       0.0000       0.3718       0.0629       0.0000       0.5614       0.0039
     173       0.0000       0.0000       0.3718       0.0629       0.0000       0.5387       0.0266
     174       0.0035       0.0000       0.0000       0.0000       0.0000       0.0000       0.5085
     175       0.0000       0.0000       0.1493       0.0102       0.0000       0.0248       0.8157
     176       0.0000       0.0000       0.3682       0.0207       0.0000       0.5913       0.0197
     177       0.0000       0.0004       0.3758       0.0540       0.0000       0.5556       0.0142
     178       0.0000       0.0000       0.5037       0.0540       0.0000       0.3375       0.1043
     179       0.0000       0.0000       0.4332       0.0467       0.0000       0.5144       0.0058
     180       0.0000       0.0000       0.3936       0.0413       0.0000       0.5550       0.0101
     181       0.0000       0.0000       0.0000       0.0000       0.0000       0.0000       0.0000
     182       0.0000       0.0000       0.0000       0.0000       0.0000       0.0000       0.0000
     183       0.0000       0.0000       0.0000       0.0000       0.0000       0.0000       0.0000
     184       0.0000       0.0000       0.0000       0.0000       0.0000       0.0000       0.0000
     185       0.0000       0.0000       0.0000       0.0000       0.0000       0.8718       0.1282
     186       0.0000       0.0000       0.0000       0.0000       0.0000       0.8718       0.1282
     187       0.0000       0.0000       0.0000       0.0000       0.0000       0.0000       0.0000
     188       0.0000       0.0000       0.0000       0.0000       0.0000       0.0005       0.0040
     189       0.0000       0.0000       0.0000       0.0000       0.0000       0.0005       0.9806
     190       0.9948       0.0000       0.0000       0.0000       0.0000       0.0000       0.0010
     191       0.9997       0.0000       0.0000       0.0000       0.0000       0.0000       0.0000
     192       1.0000       0.0000       0.0000       0.0000       0.0000       0.0000       0.0000
     193       0.9817       0.0000       0.0000       0.0000       0.0000       0.0000       0.0000
     194       0.1337       0.0000       0.0000       0.0000       0.0000       0.0000       0.0000
     195       0.3520       0.0000       0.0000       0.0000       0.0000       0.0000       0.0000
     196       0.7065       0.0000       0.0000       0.0000       0.0000       0.0000       0.0000
     197       0.0000       0.0000       0.0000       0.0000       0.0000       0.0000       0.0000
     198       0.0000       0.0000       0.0000       0.0000       0.0000       0.0004       0.3631
     199       0.0000       0.0000       0.0000       0.0000       0.0000       0.0004       0.8905
     200       0.0000       0.0000       0.0000       0.9988       0.0000       0.0012       0.0000
     201       0.0000       0.0000       0.0000       0.9988       0.0000       0.0012       0.0000
     202       0.0000       0.0000       0.0002       0.9988       0.0000       0.0010       0.0000
     203       0.0000       0.0000       0.0002       0.9988       0.0000       0.0010       0.0000
     204       0.0000       0.0000       0.0002       0.0450       0.0000       0.8473       0.1068
     205       0.0000       0.0000       0.0000       0.0000       0.0000       0.9930       0.0066
     206       0.0000       0.0000       0.0000       0.0000       0.0000       0.9930       0.0070
     207       0.0000       0.0000       0.0000       0.0000       0.0000       0.0000       0.0000
     208       0.0000       0.0000       0.0000       0.0000       0.0000       0.9798       0.0202
     209       0.0000       0.0000       0.0000       0.0000       0.0000       0.9798       0.0202
     210       0.0000       0.0000       0.0000       0.0000       0.0000       0.0000       0.9844
     211       0.0000       0.0000       0.0023       0.0000       0.0000       0.9463       0.0515
     212       0.0000       0.0000       0.0027       0.0000       0.0000       0.9471       0.0502
     213       0.0000       0.0000       0.6240       0.0902       0.0000       0.2352       0.0007
     214       0.0000       0.0000       0.6621       0.0902       0.0000       0.2381       0.0096
     215       0.0000       0.0000       0.6632       0.0902       0.0000       0.2346       0.0119
     216       0.0000       0.0000       0.5536       0.0902       0.0000       0.2345       0.1094
     217       0.0000       0.0000       0.0076       0.0000       0.0000       0.9703       0.0008
     218       0.0000       0.0000       0.0075       0.0000       0.0000       0.9702       0.0215
     219       0.0000       0.0000       0.0000       0.0000       0.0000       0.0000       0.0000
     220       0.0000       0.0000       0.0000       0.0000       0.0000       0.0000       0.0000
     221       0.0000       0.0000       0.0000       0.0000       0.0000       0.0000       0.0142
     222       0.0000       0.0000       0.0000       0.0000       0.0000       0.0000       0.0000
     223       0.0000       0.0000       0.0000       0.0000       0.0000       0.0000       0.2441
     224       0.0000       0.0000       0.0061       0.9551       0.0000       0.0353       0.0035
     225       0.0000       0.0000       0.0081       0.9561       0.0000       0.0352       0.0006
     226       0.0000       0.0000       0.0087       0.9757       0.0000       0.0154       0.0002
     227       0.0000       0.0000       0.0056       0.9793       0.0000       0.0120       0.0028
     228       0.0000       0.0000       0.0008       0.9946       0.0000       0.0045       0.0001
     229       0.0000       0.0000       0.0004       0.9905       0.0000       0.0074       0.0017
     230       0.0000       0.0000       0.0003       0.9813       0.0000       0.0130       0.0055
     231       0.0000       0.0000       0.0001       0.9979       0.0000       0.0017       0.0003
     232       0.0000       0.0000       0.0000       0.9994       0.0000       0.0006       0.0000
     233       0.0000       0.0000       0.0000       0.9999       0.0000       0.0001       0.0000
     234       0.0000       0.0000       0.0000       1.0000       0.0000       0.0000       0.0000
     235       0.0000       0.0000       0.0000       0.9999       0.0000       0.0001       0.0000
     236       0.0000       0.0000       0.0000       1.0000       0.0000       0.0000       0.0000
     237       0.0000       0.0000       0.0000       1.0000       0.0000       0.0000       0.0000
     238       0.0000       0.0000       0.0000       1.0000       0.0000       0.0000       0.0000
     239       0.0000       0.0000       0.0000       1.0000       0.0000       0.0000       0.0000
     240       0.0000       0.0000       0.0000       1.0000       0.0000       0.0000       0.0000
     241       0.0000       0.0000       0.0001       0.9998       0.0000       0.0001       0.0000
     242       0.0000       0.0000       0.0001       0.9986       0.0000       0.0013       0.0000
     243       0.0000       0.0000       0.0001       0.9951       0.0000       0.0047       0.0000
     244       0.0000       0.0000       0.0000       0.7281       0.0000       0.2584       0.0135
     245       0.0000       0.0000       0.0000       0.0000       0.0000       0.8460       0.0004
     246       0.0000       0.0000       0.0000       0.0000       0.0000       0.0000       0.0116
     247       0.0000       0.0000       0.0000       0.0000       0.0000       0.0000       0.0000
     248       0.9998       0.0000       0.0000       0.0000       0.0000       0.0000       0.0000
     249       0.9975       0.0000       0.0000       0.0000       0.0000       0.0000       0.0000
     250       0.9996       0.0000       0.0000       0.0000       0.0000       0.0000       0.0000
     251       0.0000       0.0000       0.0000       0.0000       0.0000       0.0093       0.1568
     252       0.3494       0.0000       0.0000       0.0000       0.0000       0.0093       0.1041
     253       0.9205       0.0000       0.0000       0.0000       0.0000       0.0000       0.0000
     254       0.0639       0.0000       0.0000       0.0000       0.0000       0.0000       0.0000
     255       0.0000       0.0000       0.0000       0.0000       0.0000       0.0000       0.0000
     256       0.0000       0.0000       0.0000       0.0000       0.0000       0.0000       0.0000
     257       0.0000       0.0000       0.0000       0.0000       0.0000       0.9988       0.0012
     258       0.0000       0.0000       0.0000       0.0000       0.0000       0.9988       0.0012
     259       0.0000       0.0000       0.0000       0.0000       0.0000       0.0000       1.0000
     260       0.0000       0.0000       0.0000       0.0000       0.0000       0.0000       0.0000
     261       0.0000       0.0000       0.0000       0.9993       0.0000       0.0005       0.0002
     262       0.0000       0.0000       0.0000       0.9995       0.0000       0.0005       0.0000
     263       0.0000       0.0000       0.0000       1.0000       0.0000       0.0000       0.0000
     264       0.0000       0.0000       0.0000       1.0000       0.0000       0.0000       0.0000
     265       0.0000       0.0000       0.0000       1.0000       0.0000       0.0000       0.0000
     266       0.0000       0.0000       0.0000       1.0000       0.0000       0.0000       0.0000
     267       0.0000       0.0000       0.0000       1.0000       0.0000       0.0000       0.0000
     268       0.0000       0.0000       0.0000       1.0000       0.0000       0.0000       0.0000
     269       0.0000       0.0000       0.0000       1.0000       0.0000       0.0000       0.0000
     270       0.0000       0.0000       0.0000       1.0000       0.0000       0.0000       0.0000
     271       0.0000       0.0000       0.0000       1.0000       0.0000       0.0000       0.0000
     272       0.0000       0.0000       0.0000       0.9999       0.0000       0.0001       0.0000
     273       0.0000       0.0000       0.0000       1.0000       0.0000       0.0000       0.0000
     274       0.0000       0.0000       0.0000       1.0000       0.0000       0.0000       0.0000
     275       0.0000       0.0000       0.0000       0.9980       0.0000       0.0020       0.0000
     276       0.0000       0.0000       0.0015       0.9944       0.0000       0.0041       0.0000
     277       0.0000       0.0000       0.0015       0.4658       0.0000       0.5325       0.0001
     278       0.0000       0.0000       0.0015       0.1786       0.0000       0.8198       0.0001
     279       0.0000       0.0000       0.0000       0.0000       0.0000       0.9993       0.0000
     280       0.0000       0.0000       0.0000       0.0000       0.0000       0.0000       0.0000
     281       0.9733       0.0000       0.0000       0.0000       0.0000       0.0000       0.0000
     282       1.0000       0.0000       0.0000       0.0000       0.0000       0.0000       0.0000
     283       0.9011       0.0000       0.0000       0.0000       0.0000       0.0000       0.0000
     284       0.9999       0.0000       0.0000       0.0000       0.0000       0.0000       0.0000
     285       0.0639       0.0000       0.0000       0.0000       0.0000       0.0000       0.9361
     286       0.4339       0.0000       0.0000       0.0000       0.0000       0.0000       0.0000
     287       0.0000       0.0000       0.0000       0.0000       0.0000       0.0002       0.9998
     288       0.2992       0.0000       0.0000       0.0000       0.0000       0.0002       0.7006
     289       0.0000       0.0000       0.0127       0.0000       0.0000       0.0300       0.9573
     290       0.0000       0.0000       0.0127       0.0000       0.0000       0.4100       0.5773
     291       0.0000       0.0000       0.0127       0.0000       0.0000       0.4099       0.5774
     292       0.4339       0.0000       0.0000       0.0000       0.0000       0.0000       0.0002
     293       0.0000       0.0000       0.0000       0.0000       0.0000       0.0000       0.8556
     294       0.2992       0.6717       0.0000       0.0000       0.0000       0.0000       0.0158
     295       0.0000       0.9501       0.0000       0.0000       0.0000       0.0000       0.0000
     296       0.0000       0.0000       0.0313       0.0000       0.0000       0.9679       0.0008
     297       0.0000       0.0000       0.0313       0.0000       0.0000       0.9679       0.0008
     298       0.0000       0.0000       0.0313       0.0000       0.0000       0.9679       0.0008
     299       0.0000       0.0000       0.0000       0.0000       0.0000       0.9846       0.0008
     300       0.0000       0.9501       0.0000       0.0000       0.0000       0.0000       0.0161
     301       0.0000       0.9610       0.0000       0.0000       0.0000       0.0000       0.0000
     302       0.0000       0.0000       0.0000       0.0000       0.0000       0.0000       0.0000
     303       0.0000       0.0000       0.0000       0.9875       0.0000       0.0106       0.0018
     304       0.0000       0.0000       0.0000       0.9892       0.0000       0.0108       0.0000
     305       0.0000       0.0000       0.0004       0.9949       0.0000       0.0047       0.0000
     306       0.0000       0.0000       0.0008       0.9960       0.0000       0.0031       0.0001
     307       0.0000       0.0000       0.0074       0.9150       0.0000       0.0775       0.0001
     308       0.0000       0.0000       0.0075       0.7713       0.0000       0.2208       0.0004
     309       0.0000       0.0000       0.0068       0.7432       0.0000       0.2375       0.0124
     310       0.0000       0.0000       0.0001       0.3650       0.0000       0.0206       0.0000
     311       0.0000       0.0000       0.0000       0.0000       0.0000       0.0000       0.0000
