#Res        B-factors
   1.000     365.8932
   2.000      67.5462
   3.000      19.8221
   4.000      10.3877
   5.000      10.2364
   6.000      10.6760
   7.000       8.3724
   8.000       7.6494
   9.000      10.0588
  10.000      10.2682
  11.000       9.1127
  12.000       8.1627
  13.000       5.1055
  14.000       3.9703
  15.000       3.3212
  16.000       3.0726
  17.000       5.0048
  18.000      11.5047
  19.000      12.3517
  20.000       7.9409
  21.000       5.7002
  22.000       8.5576
  23.000      11.5556
  24.000      15.8966
  25.000      18.6000
  26.000      14.3280
  27.000      20.2489
  28.000      24.9586
  29.000      23.3007
  30.000      32.9418
  31.000      19.5630
  32.000      12.6672
  33.000       8.8677
  34.000       8.9664
  35.000       8.4327
  36.000       8.3212
  37.000       6.4133
  38.000       5.0051
  39.000       6.3126
  40.000       6.9415
  41.000       5.2780
  42.000       7.0556
  43.000       9.0230
  44.000       8.6668
  45.000      11.1914
  46.000       5.4131
  47.000       5.5066
  48.000       3.5912
  49.000       3.0812
  50.000       2.8973
  51.000       4.1637
  52.000       4.8182
  53.000       3.8436
  54.000       4.5454
  55.000       8.6478
  56.000      16.4453
  57.000      22.4187
  58.000      10.7867
  59.000      12.2667
  60.000      13.1024
  61.000      19.9409
  62.000      21.1003
  63.000      18.2356
  64.000      17.9192
  65.000       8.6185
  66.000       8.4813
  67.000       7.1613
  68.000       9.3985
  69.000      11.5382
  70.000      13.3344
  71.000       8.2221
  72.000       6.4534
  73.000       7.5784
  74.000       7.5420
  75.000       6.2217
  76.000       5.1974
  77.000       6.7125
  78.000       6.5987
  79.000       5.3846
  80.000       5.7922
  81.000       7.3148
  82.000       6.2034
  83.000       6.2727
  84.000       7.4157
  85.000       6.0138
  86.000       8.2839
  87.000       5.3727
  88.000       4.0510
  89.000       3.1553
  90.000       2.9800
  91.000       3.9399
  92.000       7.3521
  93.000       6.4881
  94.000       8.3301
  95.000       7.2433
  96.000       8.7081
  97.000      11.5859
  98.000      15.7023
  99.000      10.4676
 100.000      10.1881
 101.000      15.0016
 102.000      13.9694
 103.000      12.1911
 104.000      14.9507
 105.000      15.7497
 106.000      10.0461
 107.000       9.5219
 108.000       9.4137
 109.000       7.0252
 110.000       6.2929
 111.000       5.8794
 112.000       6.6357
 113.000       6.2644
 114.000       5.3641
 115.000       5.7295
 116.000       4.8918
 117.000       5.0407
 118.000       6.0273
 119.000       6.6954
 120.000       6.6833
 121.000       7.0009
 122.000      13.4603
 123.000      15.1694
 124.000       7.8873
 125.000      10.2374
 126.000      11.2137
 127.000       5.3593
 128.000       3.7613
 129.000       3.0245
 130.000       3.4735
 131.000       3.2380
 132.000       4.3585
 133.000       5.3762
 134.000       8.4950
 135.000      10.0328
 136.000       8.5171
 137.000      10.9552
 138.000      15.3586
 139.000      11.6858
 140.000       8.0297
 141.000       8.9485
 142.000       8.0183
 143.000       9.6442
 144.000       7.3952
 145.000       5.4151
 146.000       5.8448
 147.000       7.0818
 148.000       7.4842
 149.000       6.9640
 150.000       6.9015
 151.000       5.8878
 152.000       5.6005
 153.000       5.9161
 154.000       7.7842
 155.000       6.7731
 156.000       5.3955
 157.000       5.4810
 158.000       7.9393
 159.000       7.3795
 160.000       8.7863
 161.000      12.4848
 162.000      11.1189
 163.000       5.4407
 164.000       4.1354
 165.000       3.8467
 166.000       3.6211
 167.000       3.8770
 168.000       5.4380
 169.000       5.9229
 170.000       7.1938
 171.000       9.4591
 172.000      10.8247
 173.000       9.6174
 174.000      22.7187
 175.000      15.1743
 176.000      35.5947
 177.000      15.5977
 178.000       9.3025
 179.000      11.1667
 180.000      10.9723
 181.000       6.5980
 182.000       8.2917
 183.000      11.7680
 184.000      14.1793
 185.000      19.8007
 186.000      13.3072
 187.000       8.5144
 188.000      18.2481
 189.000       5.7194
 190.000       4.6167
 191.000       3.6755
 192.000       3.4305
 193.000       4.5645
 194.000       6.3977
 195.000       7.8102
 196.000       7.5485
 197.000       7.9934
 198.000      10.5493
 199.000      10.9344
 200.000      11.8560
 201.000      18.7407
 202.000      10.8843
 203.000       7.2646
 204.000      10.2340
 205.000      14.7328
 206.000      26.3058
 207.000      22.7729
 208.000      37.4671
 209.000      39.6083
 210.000      35.7216
 211.000      55.1851
 212.000      55.3096
 213.000      31.6676
 214.000      38.0223
 215.000      42.2485
 216.000      25.8975
 217.000      26.3825
 218.000      30.4794
 219.000      20.0988
 220.000      14.2416
 221.000      11.1703
 222.000      17.0265
 223.000      24.7778
 224.000      26.2906
 225.000      30.0365
 226.000      23.2097
 227.000      13.4708
 228.000      19.1899
 229.000      21.4516
 230.000      10.6418
 231.000       9.6225
 232.000      13.6115
 233.000       9.6087
 234.000       6.1240
 235.000       8.4166
 236.000       9.4959
 237.000       6.0686
 238.000       7.3075
 239.000      10.9750
 240.000       8.8202
 241.000       7.8368
 242.000      13.3335
 243.000      14.8995
 244.000      13.1221
 245.000      12.5302
 246.000      10.1962
 247.000       6.0940
 248.000       3.7469
 249.000       3.6142
 250.000       4.1895
 251.000       6.8111
 252.000       6.1948
 253.000       5.1383
 254.000       5.5957
 255.000       6.3459
 256.000       8.7513
 257.000      14.9666
 258.000      16.4483
 259.000      12.9139
 260.000      12.9594
 261.000      11.9125
 262.000      11.2528
 263.000       8.3978
 264.000       7.0361
 265.000       6.8603
 266.000       7.3816
 267.000       5.4767
 268.000       5.0072
 269.000       6.0925
 270.000       5.4520
 271.000       4.8422
 272.000       4.4251
 273.000       5.7464
 274.000       5.2653
 275.000       4.8693
 276.000       7.2985
 277.000       9.0012
 278.000       7.2825
 279.000       8.2313
 280.000       5.2067
 281.000       4.2822
 282.000       3.9759
 283.000       3.9638
 284.000       2.8798
 285.000       3.3339
 286.000       3.4938
 287.000       4.2251
 288.000      10.0471
 289.000      18.1438
 290.000      14.4381
 291.000       8.5040
 292.000      10.6214
 293.000       7.7254
 294.000       7.2942
 295.000      17.4109
 296.000      27.1300
 297.000      42.6255
 298.000      30.1891
 299.000      17.6553
 300.000      12.6926
 301.000       7.5680
 302.000       8.9476
 303.000      10.6975
 304.000      11.3917
 305.000       7.0389
 306.000       6.0873
 307.000       8.9622
 308.000       8.3685
 309.000       5.9539
 310.000      17.8767
 311.000     101.7871
