#Res        AtomicFlx
   1.000       3.5770
   2.000       1.7571
   3.000       0.8322
   4.000       0.6098
   5.000       0.6469
   6.000       0.6303
   7.000       0.5633
   8.000       0.5574
   9.000       0.6308
  10.000       0.6371
  11.000       0.6942
  12.000       0.5781
  13.000       0.4467
  14.000       0.3773
  15.000       0.3762
  16.000       0.3800
  17.000       0.4869
  18.000       0.6316
  19.000       0.7658
  20.000       0.5856
  21.000       0.4778
  22.000       0.5540
  23.000       0.6386
  24.000       0.8041
  25.000       0.8203
  26.000       0.8052
  27.000       0.9121
  28.000       1.0037
  29.000       0.9989
  30.000       1.1402
  31.000       0.8209
  32.000       0.7194
  33.000       0.6536
  34.000       0.5802
  35.000       0.5567
  36.000       0.5450
  37.000       0.4896
  38.000       0.4648
  39.000       0.5094
  40.000       0.5081
  41.000       0.4724
  42.000       0.5430
  43.000       0.6026
  44.000       0.6407
  45.000       0.6223
  46.000       0.5047
  47.000       0.4337
  48.000       0.3836
  49.000       0.3651
  50.000       0.3529
  51.000       0.4048
  52.000       0.4180
  53.000       0.4070
  54.000       0.5083
  55.000       0.6081
  56.000       0.7997
  57.000       0.9479
  58.000       0.6834
  59.000       0.6928
  60.000       0.6896
  61.000       0.8908
  62.000       0.8299
  63.000       0.8853
  64.000       0.7864
  65.000       0.5908
  66.000       0.5760
  67.000       0.5639
  68.000       0.5690
  69.000       0.6407
  70.000       0.7003
  71.000       0.5586
  72.000       0.5092
  73.000       0.5424
  74.000       0.5377
  75.000       0.4829
  76.000       0.4565
  77.000       0.5034
  78.000       0.5081
  79.000       0.4607
  80.000       0.4791
  81.000       0.5062
  82.000       0.4798
  83.000       0.5148
  84.000       0.5559
  85.000       0.5199
  86.000       0.5834
  87.000       0.5125
  88.000       0.4005
  89.000       0.3877
  90.000       0.3681
  91.000       0.4031
  92.000       0.5835
  93.000       0.5332
  94.000       0.5273
  95.000       0.6128
  96.000       0.5948
  97.000       0.6836
  98.000       0.7204
  99.000       0.6432
 100.000       0.6847
 101.000       0.7292
 102.000       0.7061
 103.000       0.7617
 104.000       0.7758
 105.000       0.7914
 106.000       0.6178
 107.000       0.5787
 108.000       0.5799
 109.000       0.5239
 110.000       0.4918
 111.000       0.4863
 112.000       0.5027
 113.000       0.4781
 114.000       0.4747
 115.000       0.5050
 116.000       0.4491
 117.000       0.4621
 118.000       0.5012
 119.000       0.5299
 120.000       0.5345
 121.000       0.5514
 122.000       0.7285
 123.000       0.7264
 124.000       0.5559
 125.000       0.5717
 126.000       0.6049
 127.000       0.4499
 128.000       0.4001
 129.000       0.3681
 130.000       0.4154
 131.000       0.3874
 132.000       0.4288
 133.000       0.5447
 134.000       0.5698
 135.000       0.6289
 136.000       0.6063
 137.000       0.6348
 138.000       0.7465
 139.000       0.6643
 140.000       0.5898
 141.000       0.5700
 142.000       0.5549
 143.000       0.5957
 144.000       0.5350
 145.000       0.4672
 146.000       0.4917
 147.000       0.5358
 148.000       0.5254
 149.000       0.5146
 150.000       0.5185
 151.000       0.4832
 152.000       0.4807
 153.000       0.5054
 154.000       0.5627
 155.000       0.5524
 156.000       0.4675
 157.000       0.5122
 158.000       0.5838
 159.000       0.5679
 160.000       0.5665
 161.000       0.7240
 162.000       0.6252
 163.000       0.4718
 164.000       0.4251
 165.000       0.4105
 166.000       0.3894
 167.000       0.4018
 168.000       0.4521
 169.000       0.4991
 170.000       0.5385
 171.000       0.6189
 172.000       0.6518
 173.000       0.6742
 174.000       0.7741
 175.000       0.8217
 176.000       1.1199
 177.000       0.7138
 178.000       0.5934
 179.000       0.6864
 180.000       0.6346
 181.000       0.5754
 182.000       0.5956
 183.000       0.6969
 184.000       0.7213
 185.000       0.8421
 186.000       0.7269
 187.000       0.6484
 188.000       0.8759
 189.000       0.4654
 190.000       0.4468
 191.000       0.4262
 192.000       0.3866
 193.000       0.4300
 194.000       0.5123
 195.000       0.6233
 196.000       0.5378
 197.000       0.5916
 198.000       0.6041
 199.000       0.6128
 200.000       0.6895
 201.000       0.8696
 202.000       0.6327
 203.000       0.5562
 204.000       0.6752
 205.000       0.7635
 206.000       0.9805
 207.000       0.9891
 208.000       1.2421
 209.000       1.2529
 210.000       1.1921
 211.000       1.4171
 212.000       1.3805
 213.000       1.1080
 214.000       1.2079
 215.000       1.2369
 216.000       0.9953
 217.000       1.0889
 218.000       1.0393
 219.000       0.8484
 220.000       0.7705
 221.000       0.6861
 222.000       0.8329
 223.000       0.9091
 224.000       0.9844
 225.000       1.0475
 226.000       0.8983
 227.000       0.7488
 228.000       0.8478
 229.000       0.9138
 230.000       0.6400
 231.000       0.6171
 232.000       0.6980
 233.000       0.5866
 234.000       0.5134
 235.000       0.5810
 236.000       0.5908
 237.000       0.5021
 238.000       0.5482
 239.000       0.6363
 240.000       0.5844
 241.000       0.5924
 242.000       0.7381
 243.000       0.7777
 244.000       0.7114
 245.000       0.7325
 246.000       0.5998
 247.000       0.4696
 248.000       0.4103
 249.000       0.4144
 250.000       0.4162
 251.000       0.4696
 252.000       0.5522
 253.000       0.4403
 254.000       0.4866
 255.000       0.5219
 256.000       0.6007
 257.000       0.7772
 258.000       0.8028
 259.000       0.7092
 260.000       0.6591
 261.000       0.6494
 262.000       0.6277
 263.000       0.5623
 264.000       0.5136
 265.000       0.5182
 266.000       0.5234
 267.000       0.4621
 268.000       0.4549
 269.000       0.4891
 270.000       0.4600
 271.000       0.4366
 272.000       0.4349
 273.000       0.4667
 274.000       0.4599
 275.000       0.4527
 276.000       0.5335
 277.000       0.6178
 278.000       0.5474
 279.000       0.5808
 280.000       0.5091
 281.000       0.4122
 282.000       0.3928
 283.000       0.3958
 284.000       0.3447
 285.000       0.3779
 286.000       0.4097
 287.000       0.4368
 288.000       0.9464
 289.000       0.8275
 290.000       0.7451
 291.000       0.6125
 292.000       0.6985
 293.000       0.5672
 294.000       0.6121
 295.000       0.8046
 296.000       1.0815
 297.000       1.2758
 298.000       1.0252
 299.000       0.8242
 300.000       0.6518
 301.000       0.5966
 302.000       0.5816
 303.000       0.6181
 304.000       0.6366
 305.000       0.5361
 306.000       0.5020
 307.000       0.6150
 308.000       0.5828
 309.000       0.5434
 310.000       1.1916
 311.000       2.1506
