#Res        AtomicFlx
   1.000       1.8231
   2.000       0.9333
   3.000       0.9440
   4.000       0.7527
   5.000       0.6635
   6.000       0.5254
   7.000       0.4795
   8.000       0.3884
   9.000       0.4564
  10.000       0.4840
  11.000       0.5626
  12.000       0.6674
  13.000       0.6642
  14.000       0.5217
  15.000       0.4637
  16.000       0.4733
  17.000       0.4934
  18.000       0.5194
  19.000       0.6844
  20.000       0.9674
  21.000       1.2964
  22.000       1.3700
  23.000       1.1917
  24.000       0.8091
  25.000       0.7309
  26.000       0.6083
  27.000       0.6317
  28.000       0.5794
  29.000       0.6453
  30.000       0.4709
  31.000       0.4219
  32.000       0.4208
  33.000       0.3761
  34.000       0.3680
  35.000       0.3845
  36.000       0.3946
  37.000       0.4128
  38.000       0.4673
  39.000       0.4533
  40.000       0.5346
  41.000       0.6218
  42.000       0.5274
  43.000       0.4623
  44.000       0.4244
  45.000       0.4352
  46.000       0.4541
  47.000       0.4443
  48.000       0.4858
  49.000       0.6198
  50.000       0.6236
  51.000       0.5053
  52.000       0.4962
  53.000       0.5211
  54.000       0.5134
  55.000       0.5014
  56.000       0.4734
  57.000       0.4645
  58.000       0.4910
  59.000       0.4555
  60.000       0.4466
  61.000       0.5187
  62.000       0.5511
  63.000       0.5455
  64.000       0.5541
  65.000       0.5321
  66.000       0.4068
  67.000       0.3915
  68.000       0.3745
  69.000       0.3585
  70.000       0.3789
  71.000       0.4674
  72.000       0.3759
  73.000       0.4035
  74.000       0.4570
  75.000       0.4974
  76.000       0.5015
  77.000       0.6353
  78.000       0.6944
  79.000       0.7948
  80.000       0.7214
  81.000       0.5666
  82.000       0.6196
  83.000       0.5913
  84.000       0.6354
  85.000       0.8929
  86.000       0.5991
  87.000       0.5617
  88.000       0.6388
  89.000       0.7115
  90.000       0.6139
  91.000       0.5656
  92.000       0.7161
  93.000       0.7460
  94.000       0.5873
  95.000       0.6769
  96.000       0.8021
  97.000       0.5868
  98.000       0.5022
  99.000       0.4833
 100.000       0.5355
 101.000       0.5228
 102.000       0.4778
 103.000       0.4830
 104.000       0.5119
 105.000       0.4960
 106.000       0.4662
 107.000       0.4551
 108.000       0.4940
 109.000       0.4970
 110.000       0.4734
 111.000       0.5293
 112.000       0.6012
 113.000       0.5817
 114.000       0.6018
 115.000       0.4105
 116.000       0.4113
 117.000       0.3531
 118.000       0.3474
 119.000       0.3209
 120.000       0.3345
 121.000       0.4016
 122.000       0.4114
 123.000       0.4308
 124.000       0.4717
 125.000       0.6087
 126.000       0.7129
 127.000       0.8957
 128.000       0.8087
 129.000       0.8242
 130.000       0.5179
 131.000       0.5063
 132.000       0.5344
 133.000       0.5338
 134.000       0.5745
 135.000       0.8005
 136.000       1.0278
 137.000       1.0237
 138.000       0.6695
 139.000       0.5386
 140.000       0.4907
 141.000       0.5148
 142.000       0.4652
 143.000       0.4218
 144.000       0.4255
 145.000       0.5005
 146.000       0.4477
 147.000       0.4113
 148.000       0.4447
 149.000       0.4708
 150.000       0.4428
 151.000       0.4886
 152.000       0.5613
 153.000       0.5114
 154.000       0.4622
 155.000       0.5143
 156.000       0.5278
 157.000       0.4392
 158.000       0.4164
 159.000       0.3544
 160.000       0.3588
 161.000       0.3684
 162.000       0.3792
 163.000       0.3443
 164.000       0.3250
 165.000       0.3532
 166.000       0.3651
 167.000       0.3699
 168.000       0.4461
 169.000       0.4609
 170.000       0.4796
 171.000       0.6745
 172.000       1.0788
 173.000       1.0228
 174.000       1.0020
 175.000       1.0074
 176.000       1.1024
 177.000       1.0816
 178.000       0.8193
 179.000       0.8190
 180.000       0.9603
 181.000       0.8814
 182.000       1.1876
 183.000       1.3184
 184.000       0.6422
 185.000       0.5286
 186.000       0.4001
 187.000       0.4596
 188.000       0.5678
 189.000       0.6319
 190.000       0.8255
 191.000       0.6760
 192.000       0.7522
 193.000       0.6694
 194.000       0.4567
 195.000       0.4210
 196.000       0.4105
 197.000       0.4458
 198.000       0.4315
 199.000       0.4081
 200.000       0.4207
 201.000       0.4474
 202.000       0.5192
 203.000       0.4352
 204.000       0.4271
 205.000       0.4825
 206.000       0.4814
 207.000       0.4239
 208.000       0.4775
 209.000       0.5779
 210.000       0.5420
 211.000       0.4426
 212.000       0.4440
 213.000       0.3918
 214.000       0.3575
 215.000       0.3525
 216.000       0.3444
 217.000       0.3262
 218.000       0.3230
 219.000       0.3532
 220.000       0.4129
 221.000       0.4179
 222.000       0.4320
 223.000       0.4483
 224.000       0.4479
 225.000       0.4657
 226.000       0.6370
 227.000       0.6767
 228.000       0.5736
 229.000       0.5740
 230.000       0.7370
 231.000       0.8320
 232.000       0.6397
 233.000       0.6862
 234.000       0.5925
 235.000       0.6598
 236.000       0.6264
 237.000       0.6067
 238.000       0.7992
 239.000       1.0028
 240.000       0.7091
 241.000       0.5036
 242.000       0.5176
 243.000       0.4100
 244.000       0.4026
 245.000       0.4370
 246.000       0.4608
 247.000       0.4832
 248.000       0.6361
 249.000       0.5672
 250.000       0.5044
 251.000       0.5372
 252.000       0.4890
 253.000       0.5872
 254.000       0.5111
 255.000       0.5452
 256.000       0.5809
 257.000       0.4725
 258.000       0.4171
 259.000       0.3978
 260.000       0.3574
 261.000       0.3917
 262.000       0.4701
 263.000       0.4351
 264.000       0.4550
 265.000       0.5399
 266.000       0.8113
 267.000       0.7485
 268.000       0.7655
 269.000       0.7720
 270.000       0.8805
 271.000       0.9653
 272.000       1.1356
 273.000       0.7649
 274.000       0.7463
 275.000       0.6193
 276.000       0.6262
 277.000       0.7210
 278.000       0.9406
 279.000       1.0270
 280.000       0.9046
 281.000       0.7540
 282.000       0.6465
 283.000       0.5743
 284.000       0.6088
 285.000       0.5367
 286.000       0.4601
 287.000       0.4807
 288.000       0.4588
 289.000       0.4386
 290.000       0.4381
 291.000       0.4340
 292.000       0.4527
 293.000       0.4702
 294.000       0.4662
 295.000       0.4423
 296.000       0.4275
 297.000       0.4219
 298.000       0.4936
 299.000       0.6590
 300.000       0.5973
 301.000       0.5480
 302.000       0.5416
 303.000       0.4898
 304.000       0.4520
 305.000       0.4970
 306.000       0.5233
 307.000       0.4557
 308.000       0.4764
 309.000       0.4411
 310.000       0.4783
 311.000       0.6060
 312.000       0.6437
 313.000       0.6858
 314.000       0.6572
 315.000       0.8238
 316.000       0.9769
 317.000       1.1852
 318.000       1.1356
 319.000       0.8737
 320.000       0.9603
 321.000       0.6132
 322.000       0.5608
 323.000       0.5347
 324.000       0.5346
 325.000       0.4742
 326.000       0.4683
 327.000       0.4700
 328.000       0.4485
 329.000       0.4262
 330.000       0.4418
 331.000       0.4817
 332.000       0.4768
 333.000       0.5116
 334.000       0.5513
 335.000       0.6398
 336.000       0.6282
 337.000       0.6417
 338.000       0.8867
 339.000       1.2049
 340.000       0.6517
 341.000       0.4380
 342.000       0.4001
 343.000       0.3955
 344.000       0.4948
 345.000       0.4729
 346.000       0.4542
 347.000       0.5322
 348.000       0.6547
 349.000       1.0093
 350.000       0.9629
 351.000       1.2722
 352.000       1.1673
 353.000       0.8335
 354.000       0.6856
 355.000       0.5555
 356.000       0.4968
 357.000       0.5054
 358.000       0.5694
 359.000       0.7465
 360.000       0.6974
 361.000       0.6175
 362.000       0.6476
 363.000       0.5842
 364.000       0.5612
 365.000       0.5435
 366.000       0.6001
 367.000       0.5966
 368.000       0.5532
 369.000       0.5546
 370.000       0.6246
 371.000       0.5581
 372.000       0.5712
 373.000       0.5665
 374.000       0.5566
 375.000       0.6489
 376.000       0.9440
 377.000       2.1194
