#Res        B-factors
   1.000      75.2472
   2.000      19.1578
   3.000      23.2023
   4.000      12.9762
   5.000      11.9518
   6.000       6.7896
   7.000       5.2103
   8.000       3.5449
   9.000       4.4271
  10.000       4.8921
  11.000       8.3067
  12.000      12.5242
  13.000      10.7796
  14.000       7.9700
  15.000       5.2266
  16.000       5.3396
  17.000       5.8051
  18.000       6.5566
  19.000      10.8048
  20.000      20.4224
  21.000      40.6270
  22.000      49.8458
  23.000      37.7149
  24.000      20.1241
  25.000      11.4381
  26.000      12.0428
  27.000       8.2889
  28.000       9.1170
  29.000       7.7488
  30.000       4.8381
  31.000       4.4690
  32.000       5.9064
  33.000       3.4317
  34.000       2.7540
  35.000       3.3212
  36.000       3.9954
  37.000       4.2362
  38.000       4.5748
  39.000       4.6083
  40.000       7.2529
  41.000      10.0248
  42.000       8.1774
  43.000       5.0921
  44.000       4.4445
  45.000       4.3295
  46.000       4.9358
  47.000       4.9849
  48.000       5.3977
  49.000       8.6907
  50.000       9.4988
  51.000       6.6593
  52.000       6.0850
  53.000       6.4233
  54.000       6.9213
  55.000       6.5264
  56.000       6.0938
  57.000       5.3798
  58.000       6.0288
  59.000       5.1795
  60.000       4.7176
  61.000       6.8522
  62.000       7.5801
  63.000       6.1574
  64.000       8.9255
  65.000       5.1916
  66.000       4.2905
  67.000       3.5679
  68.000       3.1921
  69.000       2.9461
  70.000       3.4856
  71.000       4.1073
  72.000       3.7126
  73.000       4.0504
  74.000       4.7491
  75.000       6.3455
  76.000       5.0471
  77.000       8.9914
  78.000      13.5836
  79.000      18.1287
  80.000      14.2406
  81.000       7.3274
  82.000      10.7221
  83.000       7.4440
  84.000       9.5577
  85.000      18.9025
  86.000       8.1240
  87.000       8.5050
  88.000       9.3062
  89.000      12.8604
  90.000       9.9947
  91.000       7.4053
  92.000      13.1115
  93.000      14.9966
  94.000       8.5773
  95.000      11.4053
  96.000      16.4510
  97.000       8.6439
  98.000       6.8219
  99.000       5.7697
 100.000       7.7404
 101.000       7.1453
 102.000       5.5470
 103.000       6.0661
 104.000       6.7817
 105.000       6.7819
 106.000       5.4128
 107.000       5.0822
 108.000       6.4280
 109.000       6.3349
 110.000       5.5417
 111.000       7.1883
 112.000       8.3688
 113.000       8.0768
 114.000       8.0369
 115.000       4.1901
 116.000       3.4557
 117.000       2.8048
 118.000       2.5065
 119.000       2.4364
 120.000       2.9426
 121.000       3.5693
 122.000       3.3806
 123.000       5.2930
 124.000       4.8288
 125.000       7.3416
 126.000      11.6389
 127.000      19.7100
 128.000      21.6871
 129.000      17.6673
 130.000       6.1366
 131.000       6.7423
 132.000       6.5449
 133.000       7.0943
 134.000       7.7319
 135.000      12.3140
 136.000      26.3857
 137.000      28.0991
 138.000       9.8414
 139.000       8.5634
 140.000       6.4049
 141.000       6.9249
 142.000       5.7656
 143.000       4.4647
 144.000       4.3812
 145.000       6.1967
 146.000       5.1334
 147.000       3.8494
 148.000       5.0301
 149.000       5.7736
 150.000       4.7266
 151.000       5.3198
 152.000       6.8539
 153.000       6.2667
 154.000       5.0949
 155.000       7.2477
 156.000       6.5986
 157.000       4.8323
 158.000       4.6937
 159.000       3.0309
 160.000       2.8391
 161.000       3.1256
 162.000       4.4068
 163.000       2.9327
 164.000       2.4061
 165.000       2.7504
 166.000       3.3803
 167.000       2.9449
 168.000       4.9315
 169.000       5.3658
 170.000       5.6459
 171.000      10.6373
 172.000      29.3312
 173.000      34.0643
 174.000      27.3338
 175.000      22.7219
 176.000      34.5178
 177.000      35.6086
 178.000      17.0736
 179.000      13.1433
 180.000      24.0019
 181.000      19.8757
 182.000      32.1852
 183.000      49.0221
 184.000      12.9660
 185.000       5.5690
 186.000       4.1615
 187.000       4.8350
 188.000       8.0954
 189.000       8.1616
 190.000      16.3074
 191.000      13.6694
 192.000      15.1150
 193.000      13.0530
 194.000       6.0004
 195.000       4.0196
 196.000       4.1209
 197.000       4.7454
 198.000       4.4526
 199.000       4.2566
 200.000       4.4723
 201.000       4.9612
 202.000       7.2645
 203.000       4.5631
 204.000       4.7584
 205.000       5.8454
 206.000       5.8383
 207.000       4.3364
 208.000       5.1331
 209.000       7.4421
 210.000       6.7596
 211.000       5.0576
 212.000       5.5305
 213.000       3.5963
 214.000       2.9226
 215.000       2.8203
 216.000       2.4872
 217.000       2.3577
 218.000       2.6271
 219.000       2.7116
 220.000       4.0161
 221.000       4.2987
 222.000       4.6130
 223.000       4.6537
 224.000       4.9991
 225.000       5.3504
 226.000      10.2323
 227.000      11.0423
 228.000       7.5091
 229.000       7.3150
 230.000      12.7403
 231.000      17.2066
 232.000      10.6227
 233.000      11.9170
 234.000       8.6642
 235.000      10.3704
 236.000       9.6653
 237.000       9.3488
 238.000      13.1414
 239.000      41.0364
 240.000      16.9565
 241.000       6.8140
 242.000       7.3788
 243.000       4.2018
 244.000       3.9160
 245.000       4.4826
 246.000       5.2348
 247.000       4.7889
 248.000       9.8042
 249.000       7.8915
 250.000       6.5572
 251.000       7.3737
 252.000       5.3896
 253.000       6.5740
 254.000       5.9304
 255.000       9.3872
 256.000       9.3932
 257.000       6.1399
 258.000       3.8250
 259.000       3.6879
 260.000       2.9577
 261.000       3.4026
 262.000       4.8853
 263.000       5.3671
 264.000       4.0499
 265.000       5.4604
 266.000      15.2282
 267.000      18.3003
 268.000      14.2367
 269.000      17.0051
 270.000      16.9225
 271.000      29.5248
 272.000      27.7403
 273.000      16.6766
 274.000      15.1554
 275.000       9.4382
 276.000       9.0427
 277.000      14.4696
 278.000      22.5456
 279.000      27.8548
 280.000      20.4665
 281.000      17.5202
 282.000       9.0660
 283.000       8.4502
 284.000      10.2280
 285.000       7.3820
 286.000       5.5650
 287.000       5.6264
 288.000       5.8531
 289.000       4.9154
 290.000       4.5243
 291.000       4.5779
 292.000       4.9922
 293.000       5.2325
 294.000       5.5011
 295.000       5.2614
 296.000       4.6232
 297.000       4.2204
 298.000       5.0502
 299.000       7.9883
 300.000       8.3383
 301.000       6.8088
 302.000       7.1021
 303.000       5.5508
 304.000       5.6182
 305.000       4.7487
 306.000       4.9536
 307.000       5.0843
 308.000       6.7060
 309.000       4.4301
 310.000       6.4064
 311.000      10.9708
 312.000      10.8990
 313.000      11.7933
 314.000      10.0063
 315.000      16.0976
 316.000      20.0420
 317.000      29.4126
 318.000      39.5573
 319.000      22.8514
 320.000      25.6962
 321.000       9.6134
 322.000       8.1975
 323.000       7.5909
 324.000       7.8446
 325.000       5.7904
 326.000       5.3701
 327.000       5.5770
 328.000       5.3167
 329.000       4.4525
 330.000       4.8251
 331.000       5.6626
 332.000       5.5608
 333.000       5.7179
 334.000       6.9541
 335.000       9.6826
 336.000       9.6167
 337.000      10.0847
 338.000      14.6156
 339.000      39.7001
 340.000      12.6338
 341.000       4.6684
 342.000       3.5632
 343.000       4.1482
 344.000       5.1100
 345.000       5.0241
 346.000       4.2668
 347.000       9.5680
 348.000       7.5564
 349.000      24.0900
 350.000      12.3521
 351.000      41.1232
 352.000      36.8897
 353.000      19.3220
 354.000      12.0116
 355.000       8.5299
 356.000       6.2146
 357.000       5.9260
 358.000       8.9976
 359.000      13.8828
 360.000      13.2563
 361.000       9.2765
 362.000      10.5439
 363.000       9.6204
 364.000       7.6592
 365.000       7.6934
 366.000       9.8189
 367.000       9.9201
 368.000       7.5148
 369.000       7.7018
 370.000      10.0905
 371.000       7.8969
 372.000       8.5182
 373.000       7.9144
 374.000       7.0751
 375.000       9.4101
 376.000      13.6648
 377.000      90.3191
