#Residue         Para         Anti         3-10        Alpha           Pi         Turn         Bend
       1       0.0000       0.0000       0.0000       0.0000       0.0000       0.0000       0.0000
       2       0.0000       0.0000       0.0000       0.0000       0.0000       0.0000       0.0000
       3       0.0000       0.0000       0.0000       0.0000       0.0000       0.2303       0.7697
       4       0.0000       0.0000       0.0000       0.0000       0.0000       0.2303       0.7695
       5       0.0000       0.0000       0.0000       0.0000       0.0000       0.0000       0.9952
       6       0.0000       0.9460       0.0000       0.0000       0.0000       0.0000       0.0001
       7       0.0000       0.9994       0.0000       0.0000       0.0000       0.0000       0.0000
       8       0.0000       0.9997       0.0000       0.0000       0.0000       0.0000       0.0000
       9       0.0000       0.9995       0.0000       0.0000       0.0000       0.0000       0.0000
      10       0.0000       0.9998       0.0000       0.0000       0.0000       0.0000       0.0000
      11       0.0000       0.9732       0.0000       0.0000       0.0000       0.0000       0.0051
      12       0.0001       0.0000       0.0000       0.0000       0.0000       0.9732       0.0267
      13       0.0000       0.0000       0.0000       0.0000       0.0000       0.9733       0.0267
      14       0.0000       0.9732       0.0000       0.0000       0.0000       0.0000       0.0066
      15       0.0000       0.9999       0.0000       0.0000       0.0000       0.0000       0.0000
      16       0.0000       1.0000       0.0000       0.0000       0.0000       0.0000       0.0000
      17       0.0000       1.0000       0.0000       0.0000       0.0000       0.0000       0.0000
      18       0.0000       1.0000       0.0000       0.0000       0.0000       0.0000       0.0000
      19       0.0000       0.9947       0.0000       0.0000       0.0000       0.0000       0.0000
      20       0.0000       0.0000       0.0174       0.0000       0.0000       0.9543       0.0282
      21       0.0000       0.0000       0.0174       0.0000       0.0000       0.9556       0.0270
      22       0.0000       0.0013       0.0174       0.0000       0.0000       0.9473       0.0279
      23       0.0000       0.0000       0.0000       0.0000       0.0000       0.7448       0.0213
      24       0.0000       0.7444       0.0000       0.0000       0.0000       0.0000       0.0029
      25       0.0000       0.9864       0.0000       0.0000       0.0000       0.0000       0.0000
      26       0.0000       0.9954       0.0000       0.0000       0.0000       0.0000       0.0000
      27       0.0000       0.9969       0.0000       0.0000       0.0000       0.0000       0.0000
      28       0.0000       0.4806       0.0000       0.0000       0.0000       0.0000       0.0000
      29       0.0000       0.0000       0.0000       0.0000       0.0000       0.0000       0.0000
      30       0.3840       0.0000       0.0000       0.0000       0.0000       0.0000       0.0000
      31       0.9736       0.0000       0.0000       0.0000       0.0000       0.0000       0.0000
      32       0.9997       0.0000       0.0000       0.0000       0.0000       0.0000       0.0000
      33       0.9999       0.0000       0.0000       0.0000       0.0000       0.0000       0.0000
      34       0.9976       0.0000       0.0000       0.0000       0.0000       0.0000       0.0000
      35       0.0000       0.0000       0.0000       0.0000       0.0000       0.0000       0.0000
      36       0.0000       0.0000       0.0000       0.0000       0.0000       0.0003       0.0000
      37       0.0000       0.0000       0.0000       0.0000       0.0000       0.0003       0.2991
      38       0.1107       0.0000       0.0000       0.0000       0.0000       0.8269       0.0624
      39       0.0000       0.0000       0.0000       0.0000       0.0000       0.9216       0.0784
      40       0.0000       0.0000       0.0000       0.0000       0.0000       0.0581       0.9419
      41       0.0000       0.0000       0.0000       0.0000       0.0000       0.9980       0.0020
      42       0.0000       0.0000       0.0000       0.0000       0.0000       0.9980       0.0020
      43       0.0001       0.0000       0.0000       0.0000       0.0000       0.0002       0.0381
      44       0.0000       0.0000       0.0000       0.0000       0.0000       0.0000       1.0000
      45       0.0000       0.0000       0.0000       0.0000       0.0000       0.0000       0.0000
      46       0.0000       0.0000       0.0000       0.0000       0.0000       0.6065       0.3935
      47       0.0000       0.0000       0.0000       0.0000       0.0000       0.6065       0.0504
      48       0.0058       0.0000       0.0006       0.0000       0.0000       0.9935       0.0000
      49       0.0000       0.0000       0.0006       0.0000       0.0000       0.9993       0.0001
      50       0.0000       0.0000       0.0006       0.0000       0.0000       0.9930       0.0064
      51       0.0000       0.0000       0.0000       0.0000       0.0000       0.0000       0.9923
      52       0.0000       0.0000       0.0000       0.0000       0.0000       0.0000       0.0000
      53       0.0000       0.0000       0.0000       0.9352       0.0000       0.0519       0.0129
      54       0.0000       0.0000       0.0001       0.9479       0.0000       0.0518       0.0002
      55       0.0000       0.0000       0.0001       0.9992       0.0000       0.0007       0.0000
      56       0.0000       0.0000       0.0001       0.9992       0.0000       0.0007       0.0000
      57       0.0000       0.0000       0.0000       1.0000       0.0000       0.0000       0.0000
      58       0.0000       0.0000       0.0000       1.0000       0.0000       0.0000       0.0000
      59       0.0000       0.0000       0.0000       1.0000       0.0000       0.0000       0.0000
      60       0.0000       0.0000       0.0000       1.0000       0.0000       0.0000       0.0000
      61       0.0000       0.0000       0.0010       0.9964       0.0000       0.0027       0.0000
      62       0.0000       0.0000       0.0010       0.9705       0.0000       0.0286       0.0000
      63       0.0000       0.0000       0.0010       0.2331       0.0000       0.7654       0.0005
      64       0.0000       0.0000       0.0000       0.0000       0.0000       0.9922       0.0054
      65       0.0000       0.0000       0.0000       0.0000       0.0000       0.0000       0.0000
      66       0.0000       0.0000       0.0000       0.0000       0.0000       0.0000       0.0097
      67       1.0000       0.0000       0.0000       0.0000       0.0000       0.0000       0.0000
      68       1.0000       0.0000       0.0000       0.0000       0.0000       0.0000       0.0000
      69       1.0000       0.0000       0.0000       0.0000       0.0000       0.0000       0.0000
      70       0.9997       0.0000       0.0000       0.0000       0.0000       0.0000       0.0000
      71       0.9989       0.0000       0.0000       0.0000       0.0000       0.0000       0.0000
      72       0.9829       0.0000       0.0000       0.0000       0.0000       0.0000       0.0000
      73       0.9098       0.0000       0.0000       0.0000       0.0000       0.0000       0.0000
      74       0.0000       0.0000       0.1589       0.2951       0.0000       0.4816       0.0644
      75       0.0000       0.0000       0.3130       0.2951       0.0000       0.3872       0.0048
      76       0.0000       0.0000       0.3130       0.2951       0.0000       0.3916       0.0003
      77       0.0000       0.0000       0.2808       0.2951       0.0000       0.3372       0.0869
      78       0.0000       0.0000       0.0000       0.0000       0.0000       0.0000       0.9998
      79       0.0000       0.0000       0.0000       0.0000       0.0000       0.9408       0.0592
      80       0.0000       0.0000       0.0000       0.0000       0.0000       0.9408       0.0586
      81       0.0000       0.0000       0.0000       0.0000       0.0000       0.0000       0.0000
      82       0.0000       0.0000       0.0000       0.0000       0.0000       0.0000       0.0000
      83       0.0000       0.0000       0.0000       0.0000       0.0000       0.0000       0.0000
      84       0.0001       0.0000       0.0000       0.0000       0.0000       0.0014       0.1273
      85       0.0000       0.0000       0.0000       0.0000       0.0000       0.0014       0.5843
      86       0.0058       0.0000       0.0000       0.0000       0.0000       0.0000       0.0000
      87       0.0000       0.0000       0.0000       0.0000       0.0000       0.0000       0.0000
      88       0.0000       0.0000       0.0489       0.0000       0.0000       0.9115       0.0395
      89       0.0000       0.0000       0.0489       0.0000       0.0000       0.9202       0.0309
      90       0.0000       0.0000       0.0489       0.0000       0.0000       0.8690       0.0821
      91       0.0000       0.0000       0.0000       0.0000       0.0000       0.0000       0.0465
      92       0.0000       0.0000       0.8427       0.0000       0.0000       0.1186       0.0316
      93       0.0000       0.0000       0.8427       0.0000       0.0000       0.1502       0.0070
      94       0.0000       0.0000       0.8427       0.0000       0.0000       0.0765       0.0699
      95       0.0000       0.0000       0.0000       0.0000       0.0000       0.8984       0.0995
      96       0.0000       0.0000       0.0000       0.0000       0.0000       0.8984       0.1016
      97       0.0000       0.0000       0.0000       0.0000       0.0000       0.0000       0.0005
      98       0.0000       0.0000       0.0000       0.0000       0.0000       0.0000       0.0000
      99       0.0000       0.0000       0.0000       0.9909       0.0000       0.0086       0.0005
     100       0.0000       0.0000       0.0000       0.9915       0.0000       0.0085       0.0000
     101       0.0000       0.0000       0.0000       0.9998       0.0000       0.0002       0.0000
     102       0.0000       0.0000       0.0000       0.9998       0.0000       0.0002       0.0000
     103       0.0000       0.0000       0.0000       1.0000       0.0000       0.0000       0.0000
     104       0.0000       0.0000       0.0000       1.0000       0.0000       0.0000       0.0000
     105       0.0000       0.0000       0.0000       1.0000       0.0000       0.0000       0.0000
     106       0.0000       0.0000       0.0000       1.0000       0.0000       0.0000       0.0000
     107       0.0000       0.0000       0.0000       1.0000       0.0000       0.0000       0.0000
     108       0.0000       0.0000       0.0000       0.9999       0.0000       0.0001       0.0000
     109       0.0000       0.0000       0.0000       0.9999       0.0000       0.0001       0.0000
     110       0.0000       0.0000       0.0000       0.9997       0.0000       0.0003       0.0000
     111       0.0000       0.0000       0.0004       0.9964       0.0000       0.0032       0.0000
     112       0.0000       0.0000       0.0004       0.9267       0.0000       0.0729       0.0000
     113       0.0000       0.0000       0.0004       0.2842       0.0000       0.7154       0.0000
     114       0.0000       0.0000       0.0000       0.0000       0.0000       0.9998       0.0000
     115       0.0000       0.0000       0.0000       0.0000       0.0000       0.0000       0.0000
     116       1.0000       0.0000       0.0000       0.0000       0.0000       0.0000       0.0000
     117       1.0000       0.0000       0.0000       0.0000       0.0000       0.0000       0.0000
     118       1.0000       0.0000       0.0000       0.0000       0.0000       0.0000       0.0000
     119       1.0000       0.0000       0.0000       0.0000       0.0000       0.0000       0.0000
     120       0.9999       0.0000       0.0000       0.0000       0.0000       0.0000       0.0000
     121       0.9810       0.0000       0.0000       0.0000       0.0000       0.0000       0.0000
     122       0.0000       0.0000       0.0000       0.0000       0.0000       0.0000       0.0000
     123       0.9098       0.0000       0.0000       0.0000       0.0000       0.0000       0.0000
     124       0.0000       0.0000       0.0000       0.0000       0.0000       0.0000       1.0000
     125       0.0000       0.0078       0.0000       0.0000       0.0000       0.0000       0.9922
     126       0.0000       0.0000       0.0000       0.0000       0.0000       0.0520       0.9480
     127       0.0000       0.0000       0.0000       0.0000       0.0000       0.0520       0.9480
     128       0.0000       0.0078       0.0000       0.0000       0.0000       0.0000       0.6964
     129       0.0000       0.0000       0.0000       0.0000       0.0000       0.0000       0.0000
     130       0.0000       0.0000       0.0000       0.0000       0.0000       0.0000       0.0000
     131       0.0000       0.0000       0.0000       0.0000       0.0000       0.0000       0.9955
     132       0.0000       0.0000       0.0000       0.0000       0.0000       0.0000       0.9999
     133       0.0000       0.0000       0.0000       0.0000       0.0000       0.0000       1.0000
     134       0.0000       0.0000       0.0000       0.0000       0.0000       0.0000       0.1440
     135       0.0000       0.4301       0.0000       0.0000       0.0000       0.0000       0.0000
     136       0.0000       0.0000       0.0000       0.0000       0.0000       0.4443       0.5557
     137       0.0000       0.0000       0.0000       0.0000       0.0000       0.4443       0.5557
     138       0.0000       0.4301       0.0000       0.0000       0.0000       0.0000       0.4252
     139       0.0000       0.0000       0.0000       0.0000       0.0000       0.0000       0.0000
     140       0.0000       0.0000       0.0000       0.9989       0.0000       0.0003       0.0009
     141       0.0000       0.0000       0.0000       0.9998       0.0000       0.0002       0.0000
     142       0.0000       0.0000       0.0000       1.0000       0.0000       0.0000       0.0000
     143       0.0000       0.0000       0.0000       1.0000       0.0000       0.0000       0.0000
     144       0.0000       0.0000       0.0000       1.0000       0.0000       0.0000       0.0000
     145       0.0000       0.0000       0.0000       1.0000       0.0000       0.0000       0.0000
     146       0.0000       0.0000       0.0000       0.9999       0.0000       0.0001       0.0000
     147       0.0000       0.0000       0.0000       1.0000       0.0000       0.0000       0.0000
     148       0.0000       0.0000       0.0000       0.9999       0.0000       0.0001       0.0000
     149       0.0000       0.0000       0.0000       0.9999       0.0000       0.0001       0.0000
     150       0.0000       0.0000       0.0000       1.0000       0.0000       0.0000       0.0000
     151       0.0000       0.0000       0.0000       0.9999       0.0000       0.0001       0.0000
     152       0.0000       0.0000       0.0000       0.9971       0.0000       0.0029       0.0000
     153       0.0000       0.0000       0.0000       0.9968       0.0000       0.0032       0.0000
     154       0.0000       0.0000       0.0163       0.8749       0.0000       0.0586       0.0502
     155       0.0000       0.0000       0.0163       0.0365       0.0000       0.9319       0.0147
     156       0.0000       0.0000       0.0163       0.0000       0.0000       0.9657       0.0180
     157       0.0000       0.0000       0.0000       0.0000       0.0000       0.0000       0.5482
     158       0.0000       0.0000       0.0000       0.0000       0.0000       0.9601       0.0399
     159       0.0000       0.0000       0.0000       0.0000       0.0000       0.9601       0.0394
     160       0.9876       0.0000       0.0000       0.0000       0.0000       0.0000       0.0000
     161       0.0000       0.0000       0.0000       0.0000       0.0000       0.0000       0.0000
     162       0.9999       0.0000       0.0000       0.0000       0.0000       0.0000       0.0000
     163       1.0000       0.0000       0.0000       0.0000       0.0000       0.0000       0.0000
     164       0.9999       0.0000       0.0000       0.0000       0.0000       0.0000       0.0000
     165       0.0000       0.0000       0.0000       0.0000       0.0000       0.0000       0.0003
     166       0.0153       0.0000       0.0000       0.0000       0.0000       0.0000       0.3498
     167       0.0000       0.0000       0.0000       0.0000       0.0000       0.0000       0.9999
     168       0.0000       0.0000       0.0000       0.0000       0.0000       0.0000       0.0055
     169       0.0000       0.0000       0.0000       0.0000       0.0000       0.0000       0.0000
     170       0.0000       0.0000       0.0000       0.0000       0.0000       0.0000       0.0000
     171       0.0000       0.4237       0.0000       0.0000       0.0000       0.0000       0.0000
     172       0.0000       0.0000       0.0000       0.0000       0.0000       0.0000       0.9298
     173       0.0000       0.0000       0.0000       0.0000       0.0000       0.0000       0.9994
     174       0.0000       0.0000       0.0000       0.0000       0.0000       0.0011       0.0037
     175       0.0000       0.0000       0.0000       0.0000       0.0000       0.9577       0.0423
     176       0.0000       0.0000       0.0000       0.0000       0.0000       0.9577       0.0423
     177       0.0000       0.0000       0.5660       0.4012       0.0002       0.0264       0.0056
     178       0.0000       0.0000       0.5684       0.4019       0.0002       0.0265       0.0006
     179       0.0000       0.0000       0.5684       0.4019       0.0002       0.0246       0.0048
     180       0.0000       0.0000       0.0402       0.4019       0.0002       0.5051       0.0523
     181       0.0000       0.0000       0.0007       0.0012       0.0002       0.0934       0.8894
     182       0.0000       0.0000       0.0000       0.0000       0.0000       0.0002       0.8929
     183       0.0000       0.0000       0.0000       0.0000       0.0000       0.0000       0.8351
     184       0.0000       0.4237       0.0000       0.0000       0.0000       0.0000       0.5761
     185       0.0000       0.0000       0.0000       0.0000       0.0000       0.0000       0.0000
     186       0.9973       0.0000       0.0000       0.0000       0.0000       0.0000       0.0000
     187       0.0000       0.0000       0.0000       0.0000       0.0000       0.0000       0.9989
     188       0.0000       0.0000       0.0000       0.0000       0.0000       0.0000       1.0000
     189       0.0000       0.0000       0.0000       0.0000       0.0000       0.0000       0.9944
     190       0.0000       0.0000       0.0000       0.0000       0.0000       0.0000       0.9516
     191       0.0000       0.0000       0.0000       0.0000       0.0000       0.0000       0.0001
     192       0.0000       0.0000       0.0003       0.0000       0.0000       0.9997       0.0000
     193       0.0000       0.0000       0.0003       0.0000       0.0000       0.9997       0.0000
     194       0.0000       0.0000       0.0003       0.0000       0.0000       0.9997       0.0000
     195       0.9973       0.0000       0.0000       0.0000       0.0000       0.0000       0.0000
     196       0.0000       0.0000       0.0009       0.9928       0.0000       0.0016       0.0046
     197       0.0000       0.0000       0.0009       0.9980       0.0000       0.0012       0.0000
     198       0.0000       0.0000       0.0009       0.9980       0.0000       0.0012       0.0000
     199       0.0000       0.0000       0.0000       0.9999       0.0000       0.0001       0.0000
     200       0.0000       0.0000       0.0000       1.0000       0.0000       0.0000       0.0000
     201       0.0000       0.0000       0.0000       1.0000       0.0000       0.0000       0.0000
     202       0.0000       0.0000       0.0000       1.0000       0.0000       0.0000       0.0000
     203       0.0000       0.0000       0.0000       0.9891       0.0000       0.0109       0.0000
     204       0.0000       0.0000       0.0001       0.9998       0.0000       0.0001       0.0000
     205       0.0000       0.0000       0.0002       0.9994       0.0000       0.0004       0.0000
     206       0.0000       0.0000       0.0002       0.9991       0.0000       0.0007       0.0000
     207       0.0000       0.0000       0.0002       0.9993       0.0000       0.0005       0.0000
     208       0.0000       0.0000       0.0003       0.9165       0.0000       0.0831       0.0000
     209       0.0000       0.0000       0.0003       0.4739       0.0000       0.5258       0.0000
     210       0.0000       0.0000       0.0002       0.4728       0.0000       0.5257       0.0013
     211       0.0000       0.0000       0.0000       0.0000       0.0000       0.0000       0.0077
     212       0.0000       0.0000       0.0000       0.0000       0.0000       0.8495       0.1345
     213       0.0000       0.0000       0.0000       0.0000       0.0000       0.8495       0.1505
     214       0.0000       0.0000       0.0000       0.0000       0.0000       0.0000       0.9273
     215       0.9986       0.0000       0.0000       0.0000       0.0000       0.0000       0.0000
     216       1.0000       0.0000       0.0000       0.0000       0.0000       0.0000       0.0000
     217       1.0000       0.0000       0.0000       0.0000       0.0000       0.0000       0.0000
     218       0.9950       0.0000       0.0000       0.0000       0.0000       0.0000       0.0000
     219       0.1087       0.0000       0.0000       0.0000       0.0000       0.0000       0.0000
     220       0.0000       0.0050       0.0000       0.0000       0.0000       0.0000       0.0000
     221       0.0000       0.9997       0.0000       0.0000       0.0000       0.0000       0.0000
     222       0.0000       0.0000       0.0000       0.0000       0.0000       0.0000       1.0000
     223       0.0000       0.0000       0.0000       0.0000       0.0000       0.0000       0.0072
     224       0.0000       0.0000       0.0000       0.0000       0.0000       0.0000       0.0013
     225       0.0000       0.0000       0.0000       0.0000       0.0000       0.0000       0.0002
     226       0.0000       0.0000       0.0000       0.8555       0.0000       0.1445       0.0000
     227       0.0000       0.0000       0.0000       0.8555       0.0000       0.1445       0.0000
     228       0.0000       0.0000       0.0114       0.8606       0.0000       0.1280       0.0000
     229       0.0000       0.0000       0.0596       0.8606       0.0000       0.0746       0.0052
     230       0.0000       0.0000       0.0596       0.2288       0.0000       0.6894       0.0222
     231       0.0000       0.0000       0.0500       0.0353       0.0000       0.4836       0.4311
     232       0.0000       0.0000       0.0000       0.0000       0.0000       0.0000       0.9994
     233       0.0000       0.0000       0.0047       0.0000       0.0000       0.9931       0.0023
     234       0.0000       0.0000       0.0047       0.0000       0.0000       0.9931       0.0021
     235       0.0000       0.0000       0.4274       0.0000       0.0000       0.3088       0.2433
     236       0.0000       0.0000       0.4262       0.0000       0.0000       0.4641       0.1097
     237       0.0000       0.0000       0.4246       0.0000       0.0000       0.1796       0.3287
     238       0.0000       0.0000       0.0000       0.0000       0.0000       0.0000       0.0052
     239       0.0000       0.0012       0.0000       0.0000       0.0000       0.0000       0.0000
     240       0.0000       0.0000       0.0000       0.0000       0.0000       0.9987       0.0013
     241       0.0000       0.0050       0.0000       0.0000       0.0000       0.9937       0.0013
     242       0.0000       0.0012       0.0000       0.0000       0.0000       0.7961       0.0000
     243       0.0000       0.9997       0.0000       0.0000       0.0000       0.0000       0.0000
     244       0.0000       0.0000       0.0001       0.0000       0.0000       0.0000       0.0000
     245       0.0000       0.0000       0.3194       0.0001       0.0000       0.6727       0.0051
     246       0.0000       0.0000       0.3234       0.0007       0.0000       0.6722       0.0037
     247       0.0000       0.0000       0.3264       0.0007       0.0000       0.6729       0.0001
     248       0.0000       0.0000       0.2935       0.0007       0.0000       0.7058       0.0001
     249       0.0000       0.0000       0.0041       0.0007       0.0000       0.9952       0.0001
     250       0.0000       0.0000       0.0000       0.0000       0.0000       0.0000       0.5555
     251       0.0000       0.0000       0.0000       0.0000       0.0000       0.0000       0.0000
     252       0.0000       0.0000       0.0000       0.0000       0.0000       0.0000       0.0000
     253       0.0000       0.0000       0.0000       0.0000       0.0000       0.0000       0.1787
     254       0.0000       0.0000       0.0000       0.0000       0.0000       0.0000       0.9955
     255       0.0000       0.0000       0.0000       0.0000       0.0000       0.0000       0.0000
     256       0.0000       0.0000       0.2841       0.0000       0.0000       0.7154       0.0005
     257       0.0000       0.0000       0.2841       0.0000       0.0000       0.7157       0.0002
     258       0.0000       0.0000       0.2841       0.0000       0.0000       0.7083       0.0076
     259       0.9997       0.0000       0.0000       0.0000       0.0000       0.0000       0.0000
     260       0.9994       0.0000       0.0000       0.0000       0.0000       0.0000       0.0000
     261       1.0000       0.0000       0.0000       0.0000       0.0000       0.0000       0.0000
     262       0.1087       0.0000       0.0000       0.0000       0.0000       0.0000       0.0000
     263       0.0000       0.0000       0.0000       0.0000       0.0000       0.0000       0.0000
     264       0.8954       0.0000       0.0000       0.0000       0.0000       0.0000       0.0000
     265       0.5099       0.0000       0.0000       0.0000       0.0000       0.0000       0.0000
     266       0.3622       0.0000       0.0000       0.0000       0.0000       0.0000       0.0000
     267       0.0000       0.0000       0.0000       0.0000       0.0000       0.0000       0.0000
     268       0.0000       0.0000       0.0110       0.0018       0.0000       0.9866       0.0005
     269       0.0000       0.0000       0.0110       0.0018       0.0000       0.9869       0.0002
     270       0.0000       0.0000       0.0110       0.0018       0.0000       0.9802       0.0070
     271       0.0000       0.0000       0.0000       0.0018       0.0000       0.0000       0.1818
     272       0.0000       0.0000       0.0000       0.0000       0.0000       0.0000       0.0000
     273       0.0000       0.0000       0.0000       0.0000       0.0000       0.0000       0.0001
     274       0.0000       0.0000       0.9055       0.0000       0.0000       0.0860       0.0085
     275       0.0000       0.0000       0.9055       0.0000       0.0000       0.0939       0.0005
     276       0.0000       0.0000       0.9055       0.0000       0.0000       0.0088       0.0362
     277       0.0000       0.0000       0.0000       0.0000       0.0000       0.0000       0.7824
     278       0.0000       0.0000       0.5848       0.0020       0.0000       0.4128       0.0003
     279       0.0000       0.0000       0.5848       0.0020       0.0000       0.4130       0.0002
     280       0.0000       0.0000       0.5848       0.0020       0.0000       0.4087       0.0045
     281       0.0000       0.0000       0.0000       0.0020       0.0000       0.9885       0.0015
     282       0.0000       0.0000       0.0000       0.0000       0.0000       0.9798       0.0007
     283       0.0000       0.0000       0.0000       0.0000       0.0000       0.9798       0.0202
     284       0.0000       0.0000       0.0000       0.0000       0.0000       0.9928       0.0072
     285       0.0000       0.0000       0.0000       0.0143       0.0000       0.8636       0.1221
     286       0.0000       0.0000       0.0013       0.9651       0.0000       0.0168       0.0162
     287       0.0000       0.0000       0.0013       0.9988       0.0000       0.0000       0.0000
     288       0.0000       0.0000       0.0013       0.9988       0.0000       0.0000       0.0000
     289       0.0000       0.0000       0.0000       1.0000       0.0000       0.0000       0.0000
     290       0.0000       0.0000       0.0000       1.0000       0.0000       0.0000       0.0000
     291       0.0000       0.0000       0.0000       1.0000       0.0000       0.0000       0.0000
     292       0.0000       0.0000       0.0000       0.9998       0.0000       0.0002       0.0000
     293       0.0000       0.0000       0.0000       0.9899       0.0000       0.0101       0.0000
     294       0.0000       0.0000       0.0000       0.0106       0.0000       0.9894       0.0000
     295       0.0000       0.0000       0.0059       0.5671       0.0000       0.4270       0.0000
     296       0.0000       0.0000       0.0060       0.9930       0.0000       0.0009       0.0001
     297       0.0000       0.0000       0.0060       0.9932       0.0002       0.0006       0.0000
     298       0.0000       0.0000       0.0028       0.9932       0.0002       0.0037       0.0000
     299       0.0000       0.0000       0.0000       0.9863       0.0002       0.0135       0.0000
     300       0.0000       0.0000       0.0000       0.0110       0.0002       0.9885       0.0002
     301       0.0000       0.0000       0.0000       0.0032       0.0002       0.5980       0.3986
     302       0.0000       0.0000       0.0000       0.0000       0.0000       0.0005       0.0004
     303       0.0001       0.0000       0.0000       0.0000       0.0000       0.0000       0.0007
     304       0.2278       0.0000       0.0000       0.0000       0.0000       0.0000       0.0000
     305       0.9984       0.0000       0.0000       0.0000       0.0000       0.0000       0.0000
     306       0.0041       0.0000       0.0000       0.0000       0.0000       0.0000       0.0000
     307       0.9901       0.0000       0.0000       0.0000       0.0000       0.0000       0.0000
     308       0.0000       0.0000       0.0000       0.0000       0.0000       0.0018       0.1714
     309       0.8954       0.0000       0.0000       0.0000       0.0000       0.0000       0.0581
     310       0.9360       0.0000       0.0000       0.0000       0.0000       0.0000       0.0000
     311       0.3703       0.0000       0.0000       0.0000       0.0000       0.0000       0.0000
     312       0.0000       0.0000       0.0000       0.0000       0.0000       0.0000       0.0000
     313       0.0000       0.0000       0.0000       0.0000       0.0000       0.0000       0.0000
     314       0.0098       0.0000       0.0000       0.0000       0.0000       0.9543       0.0065
     315       0.0000       0.0007       0.0000       0.0000       0.0000       0.9634       0.0359
     316       0.0000       0.0000       0.0000       0.0000       0.0000       0.0914       0.9070
     317       0.0098       0.0000       0.0000       0.0000       0.0000       0.0686       0.9216
     318       0.0000       0.0001       0.0000       0.0000       0.0000       0.0010       0.9884
     319       0.0000       0.0006       0.0000       0.0000       0.0000       0.0000       0.0064
     320       0.0000       0.0000       0.0016       0.0113       0.0000       0.9837       0.0028
     321       0.0000       0.0000       0.0016       0.2812       0.0000       0.7172       0.0000
     322       0.0000       0.0000       0.0016       0.9931       0.0000       0.0052       0.0000
     323       0.0000       0.0000       0.0001       0.9935       0.0000       0.0065       0.0000
     324       0.0000       0.0000       0.0000       1.0000       0.0000       0.0000       0.0000
     325       0.0000       0.0000       0.0000       1.0000       0.0000       0.0000       0.0000
     326       0.0000       0.0000       0.0000       1.0000       0.0000       0.0000       0.0000
     327       0.0000       0.0000       0.0000       1.0000       0.0000       0.0000       0.0000
     328       0.0000       0.0000       0.0000       1.0000       0.0000       0.0000       0.0000
     329       0.0000       0.0000       0.0000       1.0000       0.0000       0.0000       0.0000
     330       0.0000       0.0000       0.0000       1.0000       0.0000       0.0000       0.0000
     331       0.0000       0.0000       0.0000       1.0000       0.0000       0.0000       0.0000
     332       0.0000       0.0000       0.0000       1.0000       0.0000       0.0000       0.0000
     333       0.0000       0.0000       0.0000       1.0000       0.0000       0.0000       0.0000
     334       0.0000       0.0000       0.0001       0.9965       0.0000       0.0035       0.0000
     335       0.0000       0.0000       0.0001       0.9884       0.0000       0.0115       0.0000
     336       0.0000       0.0000       0.0001       0.1311       0.0000       0.8686       0.0002
     337       0.0000       0.0000       0.0000       0.0000       0.0000       0.9990       0.0000
     338       0.0000       0.0000       0.0000       0.0000       0.0000       0.0002       0.0000
     339       0.0000       0.0000       0.0000       0.0000       0.0000       0.0002       0.0002
     340       0.3874       0.0000       0.0000       0.0000       0.0000       0.0000       0.0043
     341       0.9995       0.0000       0.0000       0.0000       0.0000       0.0000       0.0000
     342       0.9734       0.0000       0.0000       0.0000       0.0000       0.0000       0.0000
     343       0.9998       0.0000       0.0000       0.0000       0.0000       0.0000       0.0000
     344       0.0107       0.0000       0.0000       0.0000       0.0000       0.0004       0.9886
     345       0.4770       0.0000       0.0000       0.0000       0.0000       0.0001       0.0000
     346       0.0000       0.0000       0.0000       0.0000       0.0000       0.0000       0.9996
     347       0.0000       0.0000       0.0000       0.0000       0.0000       0.0000       0.8923
     348       0.0000       0.0000       0.0537       0.0000       0.0000       0.6630       0.2832
     349       0.0000       0.0000       0.0537       0.0000       0.0000       0.6685       0.0945
     350       0.0000       0.0001       0.0687       0.0000       0.0000       0.1005       0.0378
     351       0.0000       0.0000       0.2243       0.0000       0.0000       0.6312       0.0953
     352       0.0000       0.0000       0.2243       0.0000       0.0000       0.7475       0.0282
     353       0.0000       0.0000       0.2094       0.0000       0.0000       0.6926       0.0980
     354       0.0000       0.0001       0.0000       0.0000       0.0000       0.0003       0.0000
     355       0.4770       0.0000       0.0000       0.0000       0.0000       0.0000       0.0000
     356       0.0000       0.0000       0.0000       0.0000       0.0000       0.0000       1.0000
     357       0.0000       0.9999       0.0000       0.0000       0.0000       0.0000       0.0001
     358       0.0000       0.0000       0.0000       0.0000       0.0000       0.0000       0.0000
     359       0.0000       0.0000       0.0000       0.0000       0.0000       0.9995       0.0005
     360       0.0000       0.0000       0.0000       0.0000       0.0000       0.9995       0.0005
     361       0.0000       0.0000       0.0000       0.0000       0.0000       0.0189       0.9811
     362       0.0000       0.0000       0.0000       0.0000       0.0000       0.0000       0.9949
     363       0.0000       0.0000       0.0000       0.0000       0.0000       0.0000       0.4407
     364       0.0000       0.9999       0.0000       0.0000       0.0000       0.0000       0.0000
     365       0.0000       0.0000       0.0000       0.0000       0.0000       0.0000       0.0000
     366       0.0000       0.0000       0.0000       0.9945       0.0000       0.0042       0.0012
     367       0.0000       0.0000       0.0000       0.9958       0.0000       0.0042       0.0000
     368       0.0000       0.0000       0.0000       0.9999       0.0000       0.0001       0.0000
     369       0.0000       0.0000       0.0000       0.9999       0.0000       0.0001       0.0000
     370       0.0000       0.0000       0.0000       1.0000       0.0000       0.0000       0.0000
     371       0.0000       0.0000       0.0000       0.9986       0.0000       0.0014       0.0000
     372       0.0000       0.0000       0.0006       0.9985       0.0000       0.0009       0.0001
     373       0.0000       0.0000       0.2359       0.6722       0.0000       0.0916       0.0003
     374       0.0000       0.0000       0.3013       0.3011       0.0000       0.3970       0.0006
     375       0.0000       0.0000       0.3008       0.2634       0.0000       0.4207       0.0149
     376       0.0000       0.0000       0.1274       0.1993       0.0000       0.2437       0.0000
     377       0.0000       0.0000       0.0000       0.0000       0.0000       0.0000       0.0000
