#Res        B-factors
   1.000     102.2286
   2.000      29.9408
   3.000      31.4373
   4.000      20.0349
   5.000      12.2703
   6.000       6.8108
   7.000       4.9921
   8.000       3.5752
   9.000       4.4443
  10.000       5.0209
  11.000      12.6041
  12.000      15.0964
  13.000      10.7335
  14.000       7.0973
  15.000       5.1513
  16.000       5.6856
  17.000       6.3059
  18.000       6.8610
  19.000      12.0260
  20.000      19.1784
  21.000      38.7404
  22.000      45.9238
  23.000      31.2987
  24.000      20.5086
  25.000      12.6102
  26.000      12.1136
  27.000       8.2368
  28.000       8.4003
  29.000       7.4193
  30.000       5.1425
  31.000       5.5336
  32.000       4.7540
  33.000       2.8706
  34.000       2.3939
  35.000       3.1932
  36.000       3.9315
  37.000       3.9965
  38.000       4.2556
  39.000       4.7817
  40.000       6.4948
  41.000       9.3754
  42.000       7.4755
  43.000       4.9899
  44.000       4.1208
  45.000       4.3063
  46.000       4.4678
  47.000       4.9989
  48.000       5.4279
  49.000       8.4710
  50.000       9.1527
  51.000       5.7308
  52.000       6.1586
  53.000       6.3879
  54.000       7.1838
  55.000       6.7515
  56.000       6.2838
  57.000       5.5669
  58.000       6.3450
  59.000       5.0607
  60.000       4.7422
  61.000       7.0888
  62.000       7.7557
  63.000       6.4214
  64.000       9.7895
  65.000       5.7695
  66.000       6.6229
  67.000       3.3928
  68.000       2.9228
  69.000       2.5602
  70.000       3.3044
  71.000       4.6525
  72.000       4.2594
  73.000       4.1283
  74.000       4.7037
  75.000       6.1537
  76.000       5.0687
  77.000       9.3532
  78.000      15.7666
  79.000      20.5484
  80.000      15.7726
  81.000       6.8857
  82.000      10.4100
  83.000       7.1892
  84.000       9.2469
  85.000      17.1698
  86.000       7.5660
  87.000       8.3117
  88.000       8.9968
  89.000      12.4446
  90.000      10.2510
  91.000       7.3312
  92.000      12.9756
  93.000      14.4323
  94.000       8.4209
  95.000      11.8390
  96.000      16.6259
  97.000       8.5846
  98.000       6.8491
  99.000       5.1932
 100.000       6.7844
 101.000       6.4004
 102.000       4.7145
 103.000       5.0847
 104.000       5.9863
 105.000       6.2546
 106.000       5.2739
 107.000       4.8519
 108.000       5.9755
 109.000       6.0445
 110.000       5.4667
 111.000       7.0241
 112.000       7.8330
 113.000       7.7973
 114.000       7.9515
 115.000       4.0541
 116.000       3.2057
 117.000       2.7129
 118.000       2.4183
 119.000       2.3528
 120.000       2.8043
 121.000       3.0586
 122.000       3.4512
 123.000       3.8103
 124.000       4.4946
 125.000       7.8401
 126.000      13.0295
 127.000      21.8708
 128.000      20.2003
 129.000       9.3392
 130.000       4.7330
 131.000       6.0176
 132.000       5.8697
 133.000       6.4694
 134.000       6.1979
 135.000      10.2455
 136.000      25.5889
 137.000      28.7238
 138.000       9.9195
 139.000       7.5092
 140.000       5.6919
 141.000       6.3525
 142.000       5.3213
 143.000       4.1373
 144.000       4.2111
 145.000       5.5797
 146.000       4.8081
 147.000       3.5890
 148.000       4.5077
 149.000       5.5852
 150.000       5.0913
 151.000       5.6545
 152.000       7.2669
 153.000       6.4753
 154.000       5.9487
 155.000      10.8985
 156.000       8.3469
 157.000       5.0576
 158.000       4.5162
 159.000       2.9430
 160.000       2.8053
 161.000       3.1897
 162.000       3.9985
 163.000       2.7541
 164.000       2.0976
 165.000       2.4300
 166.000       2.5818
 167.000       2.2884
 168.000       3.0140
 169.000       4.1314
 170.000       4.1769
 171.000      10.4763
 172.000      25.3647
 173.000      30.0336
 174.000      29.6136
 175.000      20.0013
 176.000      26.5241
 177.000      28.9896
 178.000      15.3402
 179.000      12.2137
 180.000      25.7518
 181.000      21.8487
 182.000      24.5694
 183.000      36.6630
 184.000       9.2041
 185.000       4.2650
 186.000       3.3366
 187.000       3.9201
 188.000       7.8278
 189.000       9.4783
 190.000      19.5527
 191.000      13.9133
 192.000      15.4480
 193.000      14.6042
 194.000       5.8194
 195.000       3.6256
 196.000       3.8836
 197.000       4.1703
 198.000       3.9963
 199.000       4.0420
 200.000       4.0559
 201.000       4.7377
 202.000       5.1741
 203.000       3.7372
 204.000       4.5381
 205.000       5.4225
 206.000       4.8035
 207.000       4.0306
 208.000       5.0782
 209.000       6.7536
 210.000       6.1746
 211.000       4.7581
 212.000       5.1271
 213.000       3.3876
 214.000       2.8749
 215.000       2.6165
 216.000       2.2838
 217.000       2.1899
 218.000       2.4393
 219.000       2.4146
 220.000       3.1441
 221.000       2.5473
 222.000       3.0079
 223.000       3.5974
 224.000       4.1088
 225.000       5.1580
 226.000      10.1559
 227.000      10.1306
 228.000       6.4114
 229.000       5.7046
 230.000      10.9261
 231.000      16.2887
 232.000       9.6121
 233.000      10.4578
 234.000       5.8718
 235.000       7.3652
 236.000       7.6682
 237.000       5.5616
 238.000       4.6800
 239.000       4.2422
 240.000       3.8405
 241.000       4.1541
 242.000       4.3238
 243.000       2.6624
 244.000       2.9182
 245.000       3.4768
 246.000       4.3064
 247.000       4.2779
 248.000       8.9810
 249.000       7.3892
 250.000       6.0487
 251.000       6.8077
 252.000       5.0696
 253.000       6.5889
 254.000       6.1034
 255.000      11.2857
 256.000      11.4379
 257.000       6.6138
 258.000       3.7236
 259.000       3.3188
 260.000       2.5013
 261.000       2.6015
 262.000       2.8719
 263.000       2.9105
 264.000       2.8241
 265.000       3.6795
 266.000       4.5103
 267.000       6.3373
 268.000       6.8405
 269.000       8.0090
 270.000       6.9397
 271.000       7.4860
 272.000       8.3658
 273.000       6.4180
 274.000       8.2743
 275.000       6.2674
 276.000       5.8963
 277.000      10.3274
 278.000      17.7961
 279.000      23.3690
 280.000      18.9229
 281.000      15.6622
 282.000       7.6320
 283.000       7.4315
 284.000       9.5706
 285.000       6.7313
 286.000       4.7563
 287.000       4.8823
 288.000       4.9282
 289.000       3.7800
 290.000       3.6245
 291.000       3.4814
 292.000       3.7779
 293.000       3.5942
 294.000       3.9205
 295.000       4.0664
 296.000       3.7740
 297.000       3.8197
 298.000       4.6353
 299.000       7.9353
 300.000       8.2324
 301.000       6.8366
 302.000       7.0503
 303.000       5.1474
 304.000       4.8009
 305.000       3.9582
 306.000       3.4893
 307.000       2.9373
 308.000       4.3124
 309.000       2.8286
 310.000       3.1503
 311.000       5.5975
 312.000       5.7998
 313.000       6.6468
 314.000       6.4266
 315.000      13.6863
 316.000      21.6564
 317.000      25.4872
 318.000      23.6399
 319.000      14.0509
 320.000      23.7646
 321.000       7.2613
 322.000       5.4928
 323.000       5.8322
 324.000       6.5856
 325.000       5.1377
 326.000       5.3447
 327.000       5.9067
 328.000       5.3515
 329.000       4.2927
 330.000       4.8540
 331.000       6.1958
 332.000       5.4115
 333.000       4.9808
 334.000       6.8460
 335.000       9.6645
 336.000       8.0957
 337.000       8.2081
 338.000       8.6254
 339.000      15.3445
 340.000       5.1273
 341.000       3.4380
 342.000       2.9607
 343.000       2.9370
 344.000       3.3056
 345.000       3.2975
 346.000       2.8923
 347.000       3.6200
 348.000       5.9462
 349.000      15.4185
 350.000       8.0418
 351.000      24.1752
 352.000      13.8884
 353.000       8.6359
 354.000       9.1947
 355.000       6.3239
 356.000       5.1735
 357.000       5.4063
 358.000       7.4969
 359.000      11.9594
 360.000       9.9528
 361.000       7.2174
 362.000       9.4396
 363.000       9.0202
 364.000       7.2530
 365.000       6.9553
 366.000      10.5474
 367.000      11.4610
 368.000       8.6136
 369.000       7.6940
 370.000      11.0332
 371.000      10.2957
 372.000      10.6722
 373.000       8.0663
 374.000       7.4945
 375.000       9.6332
 376.000      13.0766
 377.000      87.4919
