#Res        AtomicFlx
   1.000       2.1335
   2.000       1.1028
   3.000       1.0933
   4.000       0.8758
   5.000       0.6823
   6.000       0.5181
   7.000       0.4726
   8.000       0.3877
   9.000       0.4582
  10.000       0.5192
  11.000       0.6382
  12.000       0.7286
  13.000       0.6597
  14.000       0.5081
  15.000       0.4594
  16.000       0.4829
  17.000       0.5186
  18.000       0.5277
  19.000       0.7037
  20.000       0.9427
  21.000       1.2546
  22.000       1.3072
  23.000       1.1072
  24.000       0.8171
  25.000       0.7501
  26.000       0.6186
  27.000       0.6200
  28.000       0.5721
  29.000       0.6196
  30.000       0.4881
  31.000       0.4729
  32.000       0.3830
  33.000       0.3540
  34.000       0.3460
  35.000       0.3773
  36.000       0.3869
  37.000       0.3968
  38.000       0.4671
  39.000       0.4707
  40.000       0.4974
  41.000       0.6030
  42.000       0.5124
  43.000       0.4553
  44.000       0.4137
  45.000       0.4230
  46.000       0.4266
  47.000       0.4476
  48.000       0.4901
  49.000       0.6137
  50.000       0.6023
  51.000       0.4881
  52.000       0.4962
  53.000       0.5184
  54.000       0.5218
  55.000       0.5088
  56.000       0.4750
  57.000       0.4715
  58.000       0.4987
  59.000       0.4515
  60.000       0.4489
  61.000       0.5266
  62.000       0.5604
  63.000       0.5596
  64.000       0.5791
  65.000       0.5695
  66.000       0.4402
  67.000       0.3840
  68.000       0.3583
  69.000       0.3404
  70.000       0.3688
  71.000       0.4893
  72.000       0.3940
  73.000       0.4104
  74.000       0.4563
  75.000       0.4939
  76.000       0.5030
  77.000       0.6525
  78.000       0.7452
  79.000       0.9140
  80.000       0.7450
  81.000       0.5619
  82.000       0.6068
  83.000       0.5812
  84.000       0.6212
  85.000       0.8519
  86.000       0.5814
  87.000       0.5572
  88.000       0.6270
  89.000       0.7044
  90.000       0.6148
  91.000       0.5620
  92.000       0.7094
  93.000       0.7388
  94.000       0.5859
  95.000       0.6878
  96.000       0.8091
  97.000       0.5838
  98.000       0.4956
  99.000       0.4525
 100.000       0.5037
 101.000       0.4923
 102.000       0.4394
 103.000       0.4481
 104.000       0.4829
 105.000       0.4778
 106.000       0.4588
 107.000       0.4440
 108.000       0.4796
 109.000       0.4881
 110.000       0.4698
 111.000       0.5216
 112.000       0.5835
 113.000       0.5743
 114.000       0.5997
 115.000       0.4010
 116.000       0.3978
 117.000       0.3472
 118.000       0.3368
 119.000       0.3150
 120.000       0.3337
 121.000       0.3726
 122.000       0.4329
 123.000       0.3977
 124.000       0.4570
 125.000       0.7519
 126.000       0.7527
 127.000       0.9354
 128.000       0.7933
 129.000       0.6337
 130.000       0.4539
 131.000       0.4725
 132.000       0.5059
 133.000       0.5105
 134.000       0.5147
 135.000       0.7076
 136.000       1.0259
 137.000       1.0233
 138.000       0.6691
 139.000       0.5073
 140.000       0.4651
 141.000       0.4935
 142.000       0.4490
 143.000       0.4098
 144.000       0.4135
 145.000       0.4886
 146.000       0.4355
 147.000       0.3974
 148.000       0.4359
 149.000       0.4696
 150.000       0.4567
 151.000       0.5090
 152.000       0.5779
 153.000       0.5248
 154.000       0.4976
 155.000       0.6011
 156.000       0.5772
 157.000       0.4455
 158.000       0.4106
 159.000       0.3521
 160.000       0.3602
 161.000       0.3714
 162.000       0.3722
 163.000       0.3325
 164.000       0.3093
 165.000       0.3353
 166.000       0.3334
 167.000       0.3319
 168.000       0.3689
 169.000       0.3966
 170.000       0.4158
 171.000       0.6462
 172.000       1.0269
 173.000       0.9681
 174.000       1.0061
 175.000       0.9521
 176.000       0.9758
 177.000       0.9813
 178.000       0.7718
 179.000       0.7963
 180.000       0.9619
 181.000       0.8950
 182.000       1.0350
 183.000       1.1411
 184.000       0.5521
 185.000       0.4589
 186.000       0.3581
 187.000       0.4231
 188.000       0.5633
 189.000       0.6800
 190.000       0.9014
 191.000       0.6864
 192.000       0.7674
 193.000       0.6966
 194.000       0.4487
 195.000       0.4078
 196.000       0.3982
 197.000       0.4212
 198.000       0.4099
 199.000       0.3910
 200.000       0.4046
 201.000       0.4325
 202.000       0.4526
 203.000       0.3980
 204.000       0.4191
 205.000       0.4685
 206.000       0.4370
 207.000       0.4128
 208.000       0.4719
 209.000       0.5644
 210.000       0.5182
 211.000       0.4314
 212.000       0.4281
 213.000       0.3840
 214.000       0.3531
 215.000       0.3414
 216.000       0.3350
 217.000       0.3177
 218.000       0.3081
 219.000       0.3401
 220.000       0.3749
 221.000       0.3358
 222.000       0.3557
 223.000       0.3847
 224.000       0.4129
 225.000       0.4572
 226.000       0.6363
 227.000       0.6507
 228.000       0.5224
 229.000       0.5149
 230.000       0.6905
 231.000       0.8135
 232.000       0.5972
 233.000       0.6305
 234.000       0.4907
 235.000       0.5487
 236.000       0.5686
 237.000       0.4604
 238.000       0.4747
 239.000       0.4111
 240.000       0.3982
 241.000       0.3930
 242.000       0.4239
 243.000       0.3365
 244.000       0.3570
 245.000       0.3908
 246.000       0.4248
 247.000       0.4606
 248.000       0.6149
 249.000       0.5510
 250.000       0.4822
 251.000       0.5160
 252.000       0.4744
 253.000       0.6276
 254.000       0.5217
 255.000       0.5787
 256.000       0.6362
 257.000       0.4907
 258.000       0.4060
 259.000       0.3798
 260.000       0.3311
 261.000       0.3352
 262.000       0.3669
 263.000       0.3554
 264.000       0.3735
 265.000       0.4160
 266.000       0.4312
 267.000       0.4778
 268.000       0.5281
 269.000       0.5519
 270.000       0.5596
 271.000       0.5234
 272.000       0.5889
 273.000       0.5130
 274.000       0.5649
 275.000       0.5131
 276.000       0.5144
 277.000       0.6176
 278.000       0.8461
 279.000       0.9509
 280.000       0.8705
 281.000       0.7112
 282.000       0.5982
 283.000       0.5439
 284.000       0.5878
 285.000       0.5144
 286.000       0.4260
 287.000       0.4526
 288.000       0.4185
 289.000       0.3863
 290.000       0.3865
 291.000       0.3784
 292.000       0.3986
 293.000       0.3943
 294.000       0.4002
 295.000       0.3950
 296.000       0.3935
 297.000       0.4041
 298.000       0.4795
 299.000       0.6656
 300.000       0.5927
 301.000       0.5534
 302.000       0.5319
 303.000       0.4675
 304.000       0.4190
 305.000       0.4606
 306.000       0.3923
 307.000       0.3652
 308.000       0.3836
 309.000       0.3498
 310.000       0.3738
 311.000       0.4555
 312.000       0.4749
 313.000       0.5315
 314.000       0.5420
 315.000       0.7805
 316.000       0.9568
 317.000       1.1020
 318.000       0.9490
 319.000       0.6997
 320.000       0.9164
 321.000       0.5335
 322.000       0.4635
 323.000       0.4802
 324.000       0.4985
 325.000       0.4509
 326.000       0.4720
 327.000       0.4908
 328.000       0.4531
 329.000       0.4189
 330.000       0.4433
 331.000       0.4946
 332.000       0.4648
 333.000       0.4774
 334.000       0.5405
 335.000       0.6292
 336.000       0.5663
 337.000       0.5647
 338.000       0.6873
 339.000       0.7466
 340.000       0.4409
 341.000       0.3907
 342.000       0.3655
 343.000       0.3402
 344.000       0.3828
 345.000       0.3840
 346.000       0.3645
 347.000       0.3910
 348.000       0.5662
 349.000       0.8191
 350.000       0.7722
 351.000       0.9218
 352.000       0.7180
 353.000       0.6032
 354.000       0.5729
 355.000       0.4803
 356.000       0.4595
 357.000       0.4735
 358.000       0.5267
 359.000       0.6931
 360.000       0.6038
 361.000       0.5522
 362.000       0.6231
 363.000       0.5623
 364.000       0.5459
 365.000       0.5221
 366.000       0.6194
 367.000       0.6352
 368.000       0.5820
 369.000       0.5584
 370.000       0.6554
 371.000       0.6332
 372.000       0.6313
 373.000       0.5665
 374.000       0.5711
 375.000       0.6581
 376.000       0.9082
 377.000       2.0678
