#Residue         Para         Anti         3-10        Alpha           Pi         Turn         Bend
       1       0.0000       0.0000       0.0000       0.0000       0.0000       0.0000       0.0000
       2       0.0000       0.0001       0.0000       0.0000       0.0000       0.0000       0.0000
       3       0.0000       0.0000       0.0000       0.0000       0.0000       0.2246       0.7752
       4       0.0000       0.0000       0.0000       0.0000       0.0000       0.2246       0.7747
       5       0.0000       0.0000       0.0000       0.0000       0.0000       0.0001       0.9724
       6       0.0000       0.9109       0.0000       0.0000       0.0000       0.0000       0.0000
       7       0.0000       0.9987       0.0000       0.0000       0.0000       0.0000       0.0000
       8       0.0000       0.9995       0.0000       0.0000       0.0000       0.0000       0.0000
       9       0.0000       0.9997       0.0000       0.0000       0.0000       0.0000       0.0000
      10       0.0000       1.0000       0.0000       0.0000       0.0000       0.0000       0.0000
      11       0.0000       0.9608       0.0000       0.0000       0.0000       0.0000       0.0048
      12       0.0000       0.0000       0.0000       0.0000       0.0000       0.9608       0.0392
      13       0.0000       0.0000       0.0000       0.0000       0.0000       0.9608       0.0392
      14       0.0000       0.9608       0.0000       0.0000       0.0000       0.0000       0.0214
      15       0.0000       1.0000       0.0000       0.0000       0.0000       0.0000       0.0000
      16       0.0000       1.0000       0.0000       0.0000       0.0000       0.0000       0.0000
      17       0.0000       1.0000       0.0000       0.0000       0.0000       0.0000       0.0000
      18       0.0000       1.0000       0.0000       0.0000       0.0000       0.0000       0.0000
      19       0.0000       0.9890       0.0000       0.0000       0.0000       0.0000       0.0000
      20       0.0000       0.0000       0.0116       0.0000       0.0000       0.9785       0.0099
      21       0.0000       0.0000       0.0116       0.0000       0.0000       0.9787       0.0097
      22       0.0000       0.0000       0.0116       0.0000       0.0000       0.9782       0.0103
      23       0.0000       0.0000       0.0000       0.0000       0.0000       0.7374       0.0056
      24       0.0000       0.7366       0.0000       0.0000       0.0000       0.0000       0.0010
      25       0.0000       0.9934       0.0000       0.0000       0.0000       0.0000       0.0000
      26       0.0000       0.9957       0.0000       0.0000       0.0000       0.0000       0.0000
      27       0.0000       0.9978       0.0000       0.0000       0.0000       0.0000       0.0000
      28       0.0000       0.4064       0.0000       0.0000       0.0000       0.0000       0.0000
      29       0.0000       0.0000       0.0000       0.0000       0.0000       0.0000       0.0000
      30       0.3818       0.0000       0.0000       0.0000       0.0000       0.0000       0.0000
      31       0.9537       0.0000       0.0000       0.0000       0.0000       0.0000       0.0000
      32       0.9997       0.0000       0.0000       0.0000       0.0000       0.0000       0.0000
      33       1.0000       0.0000       0.0000       0.0000       0.0000       0.0000       0.0000
      34       0.9963       0.0000       0.0000       0.0000       0.0000       0.0000       0.0000
      35       0.0000       0.0000       0.0000       0.0000       0.0000       0.0000       0.0000
      36       0.0000       0.0000       0.0000       0.0000       0.0000       0.0001       0.0000
      37       0.0000       0.0000       0.0000       0.0000       0.0000       0.0001       0.2065
      38       0.0735       0.0000       0.0000       0.0000       0.0000       0.8900       0.0365
      39       0.0000       0.0000       0.0000       0.0000       0.0000       0.9610       0.0390
      40       0.0000       0.0000       0.0000       0.0000       0.0000       0.0242       0.9758
      41       0.0000       0.0000       0.0000       0.0000       0.0000       0.9975       0.0025
      42       0.0000       0.0000       0.0000       0.0000       0.0000       0.9975       0.0025
      43       0.0001       0.0000       0.0000       0.0000       0.0000       0.0000       0.0120
      44       0.0000       0.0000       0.0000       0.0000       0.0000       0.0000       1.0000
      45       0.0000       0.0000       0.0000       0.0000       0.0000       0.0000       0.0000
      46       0.0000       0.0000       0.0000       0.0000       0.0000       0.5065       0.4935
      47       0.0000       0.0000       0.0000       0.0000       0.0000       0.5065       0.0764
      48       0.0032       0.0000       0.0005       0.0000       0.0000       0.9961       0.0000
      49       0.0000       0.0000       0.0005       0.0000       0.0000       0.9993       0.0002
      50       0.0000       0.0000       0.0005       0.0000       0.0000       0.9897       0.0098
      51       0.0000       0.0000       0.0000       0.0000       0.0000       0.0000       0.9820
      52       0.0000       0.0000       0.0000       0.0000       0.0000       0.0000       0.0000
      53       0.0000       0.0000       0.0000       0.9557       0.0000       0.0364       0.0079
      54       0.0000       0.0000       0.0000       0.9634       0.0000       0.0363       0.0002
      55       0.0000       0.0000       0.0000       0.9996       0.0000       0.0004       0.0000
      56       0.0000       0.0000       0.0000       0.9996       0.0000       0.0004       0.0000
      57       0.0000       0.0000       0.0000       0.9999       0.0000       0.0001       0.0000
      58       0.0000       0.0000       0.0000       1.0000       0.0000       0.0000       0.0000
      59       0.0000       0.0000       0.0000       1.0000       0.0000       0.0000       0.0000
      60       0.0000       0.0000       0.0000       1.0000       0.0000       0.0000       0.0000
      61       0.0000       0.0000       0.0008       0.9974       0.0000       0.0018       0.0000
      62       0.0000       0.0000       0.0008       0.9707       0.0000       0.0285       0.0000
      63       0.0000       0.0000       0.0008       0.1974       0.0000       0.8012       0.0006
      64       0.0000       0.0000       0.0000       0.0000       0.0000       0.9942       0.0044
      65       0.0000       0.0000       0.0000       0.0000       0.0000       0.0000       0.0000
      66       0.0000       0.0000       0.0000       0.0000       0.0000       0.0000       0.0272
      67       1.0000       0.0000       0.0000       0.0000       0.0000       0.0000       0.0000
      68       1.0000       0.0000       0.0000       0.0000       0.0000       0.0000       0.0000
      69       0.9999       0.0000       0.0000       0.0000       0.0000       0.0000       0.0000
      70       0.9997       0.0000       0.0000       0.0000       0.0000       0.0000       0.0000
      71       0.9980       0.0000       0.0000       0.0000       0.0000       0.0000       0.0000
      72       0.9866       0.0000       0.0000       0.0000       0.0000       0.0000       0.0000
      73       0.9298       0.0000       0.0000       0.0000       0.0000       0.0000       0.0000
      74       0.0000       0.0000       0.1199       0.3132       0.0000       0.5240       0.0429
      75       0.0000       0.0000       0.2253       0.3132       0.0000       0.4564       0.0051
      76       0.0000       0.0000       0.2253       0.3132       0.0000       0.4612       0.0003
      77       0.0000       0.0000       0.1987       0.3132       0.0000       0.3875       0.1005
      78       0.0000       0.0000       0.0000       0.0000       0.0000       0.0000       0.9996
      79       0.0000       0.0000       0.0000       0.0000       0.0000       0.9218       0.0782
      80       0.0000       0.0000       0.0000       0.0000       0.0000       0.9218       0.0773
      81       0.0000       0.0000       0.0000       0.0000       0.0000       0.0000       0.0000
      82       0.0000       0.0000       0.0000       0.0000       0.0000       0.0000       0.0000
      83       0.0000       0.0000       0.0000       0.0000       0.0000       0.0000       0.0000
      84       0.0001       0.0000       0.0000       0.0000       0.0000       0.0012       0.1160
      85       0.0000       0.0000       0.0000       0.0000       0.0000       0.0012       0.5623
      86       0.0032       0.0000       0.0000       0.0000       0.0000       0.0000       0.0001
      87       0.0000       0.0000       0.0000       0.0000       0.0000       0.0000       0.0000
      88       0.0000       0.0000       0.0604       0.0000       0.0000       0.9047       0.0349
      89       0.0000       0.0000       0.0604       0.0000       0.0000       0.9118       0.0278
      90       0.0000       0.0000       0.0604       0.0000       0.0000       0.8539       0.0857
      91       0.0000       0.0000       0.0000       0.0000       0.0000       0.0000       0.0331
      92       0.0000       0.0000       0.8443       0.0000       0.0000       0.1165       0.0316
      93       0.0000       0.0000       0.8443       0.0000       0.0000       0.1495       0.0062
      94       0.0000       0.0000       0.8443       0.0000       0.0000       0.0861       0.0618
      95       0.0000       0.0000       0.0000       0.0000       0.0000       0.8871       0.1103
      96       0.0000       0.0000       0.0000       0.0000       0.0000       0.8871       0.1129
      97       0.0000       0.0000       0.0000       0.0000       0.0000       0.0000       0.0005
      98       0.0000       0.0000       0.0000       0.0000       0.0000       0.0000       0.0000
      99       0.0000       0.0000       0.0000       0.9982       0.0000       0.0015       0.0003
     100       0.0000       0.0000       0.0000       0.9986       0.0000       0.0014       0.0000
     101       0.0000       0.0000       0.0000       1.0000       0.0000       0.0000       0.0000
     102       0.0000       0.0000       0.0000       1.0000       0.0000       0.0000       0.0000
     103       0.0000       0.0000       0.0000       1.0000       0.0000       0.0000       0.0000
     104       0.0000       0.0000       0.0000       1.0000       0.0000       0.0000       0.0000
     105       0.0000       0.0000       0.0000       1.0000       0.0000       0.0000       0.0000
     106       0.0000       0.0000       0.0000       1.0000       0.0000       0.0000       0.0000
     107       0.0000       0.0000       0.0000       1.0000       0.0000       0.0000       0.0000
     108       0.0000       0.0000       0.0000       1.0000       0.0000       0.0000       0.0000
     109       0.0000       0.0000       0.0000       1.0000       0.0000       0.0000       0.0000
     110       0.0000       0.0000       0.0000       0.9996       0.0000       0.0004       0.0000
     111       0.0000       0.0000       0.0004       0.9948       0.0000       0.0048       0.0000
     112       0.0000       0.0000       0.0004       0.9240       0.0000       0.0756       0.0000
     113       0.0000       0.0000       0.0004       0.2902       0.0000       0.7094       0.0000
     114       0.0000       0.0000       0.0000       0.0000       0.0000       0.9997       0.0001
     115       0.0000       0.0000       0.0000       0.0000       0.0000       0.0000       0.0000
     116       0.9999       0.0000       0.0000       0.0000       0.0000       0.0000       0.0000
     117       1.0000       0.0000       0.0000       0.0000       0.0000       0.0000       0.0000
     118       0.9999       0.0000       0.0000       0.0000       0.0000       0.0000       0.0000
     119       1.0000       0.0000       0.0000       0.0000       0.0000       0.0000       0.0000
     120       1.0000       0.0000       0.0000       0.0000       0.0000       0.0000       0.0000
     121       0.9859       0.0000       0.0000       0.0000       0.0000       0.0000       0.0000
     122       0.0000       0.0000       0.0000       0.0000       0.0000       0.0000       0.0000
     123       0.9298       0.0001       0.0000       0.0000       0.0000       0.0000       0.0000
     124       0.0000       0.0000       0.0000       0.0000       0.0000       0.0000       1.0000
     125       0.0000       0.0536       0.0000       0.0000       0.0000       0.0000       0.9464
     126       0.0000       0.0000       0.0000       0.0000       0.0000       0.2840       0.7160
     127       0.0000       0.0000       0.0000       0.0000       0.0000       0.2840       0.7160
     128       0.0000       0.0536       0.0000       0.0000       0.0000       0.0000       0.7166
     129       0.0000       0.0007       0.0000       0.0000       0.0000       0.0000       0.0000
     130       0.0000       0.0000       0.0000       0.0000       0.0000       0.0000       0.0000
     131       0.0000       0.0000       0.0000       0.0000       0.0000       0.0000       0.9999
     132       0.0000       0.0000       0.0000       0.0000       0.0000       0.0000       1.0000
     133       0.0000       0.0000       0.0000       0.0000       0.0000       0.0000       1.0000
     134       0.0000       0.0000       0.0000       0.0000       0.0000       0.0000       0.1897
     135       0.0000       0.3350       0.0000       0.0000       0.0000       0.0000       0.0000
     136       0.0000       0.0000       0.0000       0.0000       0.0000       0.3505       0.6495
     137       0.0000       0.0000       0.0000       0.0000       0.0000       0.3505       0.6495
     138       0.0000       0.3350       0.0000       0.0000       0.0000       0.0000       0.4924
     139       0.0000       0.0000       0.0000       0.0000       0.0000       0.0000       0.0000
     140       0.0000       0.0000       0.0000       0.9982       0.0000       0.0003       0.0014
     141       0.0000       0.0000       0.0000       0.9998       0.0000       0.0002       0.0000
     142       0.0000       0.0000       0.0000       1.0000       0.0000       0.0000       0.0000
     143       0.0000       0.0000       0.0000       1.0000       0.0000       0.0000       0.0000
     144       0.0000       0.0000       0.0000       1.0000       0.0000       0.0000       0.0000
     145       0.0000       0.0000       0.0000       1.0000       0.0000       0.0000       0.0000
     146       0.0000       0.0000       0.0000       1.0000       0.0000       0.0000       0.0000
     147       0.0000       0.0000       0.0000       1.0000       0.0000       0.0000       0.0000
     148       0.0000       0.0000       0.0000       1.0000       0.0000       0.0000       0.0000
     149       0.0000       0.0000       0.0000       1.0000       0.0000       0.0000       0.0000
     150       0.0000       0.0000       0.0000       1.0000       0.0000       0.0000       0.0000
     151       0.0000       0.0000       0.0000       0.9999       0.0000       0.0001       0.0000
     152       0.0000       0.0000       0.0000       0.9972       0.0000       0.0028       0.0000
     153       0.0000       0.0000       0.0000       0.9970       0.0000       0.0030       0.0000
     154       0.0000       0.0000       0.0373       0.7514       0.0000       0.1367       0.0746
     155       0.0000       0.0000       0.0373       0.0474       0.0000       0.8993       0.0150
     156       0.0000       0.0000       0.0373       0.0000       0.0000       0.9425       0.0202
     157       0.0000       0.0000       0.0000       0.0000       0.0000       0.0000       0.4997
     158       0.0000       0.0000       0.0000       0.0000       0.0000       0.9520       0.0480
     159       0.0000       0.0000       0.0000       0.0000       0.0000       0.9520       0.0463
     160       0.9817       0.0000       0.0000       0.0000       0.0000       0.0000       0.0000
     161       0.0000       0.0000       0.0000       0.0000       0.0000       0.0000       0.0000
     162       0.9998       0.0000       0.0000       0.0000       0.0000       0.0000       0.0000
     163       1.0000       0.0000       0.0000       0.0000       0.0000       0.0000       0.0000
     164       0.9999       0.0000       0.0000       0.0000       0.0000       0.0000       0.0000
     165       0.0000       0.0000       0.0000       0.0000       0.0000       0.0000       0.0005
     166       0.0152       0.0000       0.0000       0.0000       0.0000       0.0000       0.4586
     167       0.0000       0.0000       0.0000       0.0000       0.0000       0.0000       1.0000
     168       0.0000       0.0000       0.0000       0.0000       0.0000       0.0000       0.0091
     169       0.0000       0.0000       0.0000       0.0000       0.0000       0.0000       0.0000
     170       0.0000       0.0000       0.0000       0.0000       0.0000       0.0000       0.0000
     171       0.0000       0.3652       0.0000       0.0000       0.0000       0.0000       0.0000
     172       0.0000       0.0000       0.0000       0.0000       0.0000       0.0000       0.9122
     173       0.0000       0.0000       0.0000       0.0000       0.0000       0.0000       0.9995
     174       0.0000       0.0000       0.0000       0.0000       0.0000       0.0024       0.0021
     175       0.0000       0.0000       0.0000       0.0000       0.0000       0.9649       0.0351
     176       0.0000       0.0000       0.0000       0.0000       0.0000       0.9649       0.0351
     177       0.0000       0.0000       0.5714       0.3939       0.0002       0.0309       0.0036
     178       0.0000       0.0000       0.5734       0.3977       0.0002       0.0280       0.0005
     179       0.0000       0.0000       0.5734       0.3977       0.0002       0.0266       0.0021
     180       0.0000       0.0000       0.0515       0.3977       0.0002       0.5082       0.0424
     181       0.0000       0.0000       0.0004       0.0048       0.0002       0.0851       0.8880
     182       0.0000       0.0000       0.0000       0.0000       0.0000       0.0001       0.8772
     183       0.0000       0.0000       0.0000       0.0000       0.0000       0.0000       0.8417
     184       0.0000       0.3652       0.0000       0.0000       0.0000       0.0000       0.6341
     185       0.0000       0.0000       0.0000       0.0000       0.0000       0.0000       0.0000
     186       0.9983       0.0000       0.0000       0.0000       0.0000       0.0000       0.0000
     187       0.0000       0.0000       0.0000       0.0000       0.0000       0.0000       0.9989
     188       0.0000       0.0000       0.0000       0.0000       0.0000       0.0000       0.9999
     189       0.0000       0.0000       0.0000       0.0000       0.0000       0.0000       0.9952
     190       0.0000       0.0000       0.0000       0.0000       0.0000       0.0000       0.9454
     191       0.0000       0.0000       0.0000       0.0000       0.0000       0.0000       0.0000
     192       0.0000       0.0000       0.0006       0.0000       0.0000       0.9992       0.0002
     193       0.0000       0.0000       0.0006       0.0000       0.0000       0.9992       0.0002
     194       0.0000       0.0000       0.0006       0.0000       0.0000       0.9992       0.0002
     195       0.9983       0.0000       0.0000       0.0000       0.0000       0.0000       0.0000
     196       0.0000       0.0000       0.0009       0.9921       0.0000       0.0020       0.0049
     197       0.0000       0.0000       0.0009       0.9982       0.0000       0.0010       0.0000
     198       0.0000       0.0000       0.0009       0.9982       0.0000       0.0010       0.0000
     199       0.0000       0.0000       0.0000       0.9998       0.0000       0.0002       0.0000
     200       0.0000       0.0000       0.0000       0.9999       0.0000       0.0001       0.0000
     201       0.0000       0.0000       0.0000       1.0000       0.0000       0.0000       0.0000
     202       0.0000       0.0000       0.0000       1.0000       0.0000       0.0000       0.0000
     203       0.0000       0.0000       0.0000       0.9976       0.0000       0.0024       0.0000
     204       0.0000       0.0000       0.0000       1.0000       0.0000       0.0000       0.0000
     205       0.0000       0.0000       0.0000       1.0000       0.0000       0.0000       0.0000
     206       0.0000       0.0000       0.0001       0.9998       0.0000       0.0002       0.0000
     207       0.0000       0.0000       0.0001       0.9998       0.0000       0.0001       0.0000
     208       0.0000       0.0000       0.0002       0.9262       0.0000       0.0736       0.0000
     209       0.0000       0.0000       0.0002       0.5274       0.0000       0.4724       0.0000
     210       0.0000       0.0000       0.0001       0.5263       0.0000       0.4725       0.0011
     211       0.0000       0.0000       0.0000       0.0000       0.0000       0.0000       0.0040
     212       0.0000       0.0000       0.0000       0.0000       0.0000       0.8716       0.1136
     213       0.0000       0.0000       0.0000       0.0000       0.0000       0.8716       0.1284
     214       0.0000       0.0000       0.0000       0.0000       0.0000       0.0000       0.9553
     215       0.9971       0.0000       0.0000       0.0000       0.0000       0.0000       0.0000
     216       1.0000       0.0000       0.0000       0.0000       0.0000       0.0000       0.0000
     217       1.0000       0.0000       0.0000       0.0000       0.0000       0.0000       0.0000
     218       0.9966       0.0000       0.0000       0.0000       0.0000       0.0000       0.0000
     219       0.0724       0.0000       0.0000       0.0000       0.0000       0.0000       0.0000
     220       0.0000       0.0864       0.0000       0.0000       0.0000       0.0000       0.0000
     221       0.0000       0.9998       0.0000       0.0000       0.0000       0.0000       0.0000
     222       0.0000       0.0000       0.0000       0.0000       0.0000       0.0000       1.0000
     223       0.0000       0.0000       0.0000       0.0000       0.0000       0.0000       0.0090
     224       0.0000       0.0000       0.0000       0.0000       0.0000       0.0000       0.0006
     225       0.0000       0.0000       0.0000       0.0000       0.0000       0.0000       0.0003
     226       0.0000       0.0000       0.0000       0.8434       0.0000       0.1566       0.0000
     227       0.0000       0.0000       0.0000       0.8434       0.0000       0.1566       0.0000
     228       0.0000       0.0000       0.0080       0.8538       0.0000       0.1382       0.0000
     229       0.0000       0.0000       0.0572       0.8538       0.0000       0.0829       0.0061
     230       0.0000       0.0000       0.0572       0.3074       0.0000       0.6178       0.0175
     231       0.0000       0.0000       0.0505       0.0630       0.0000       0.4803       0.4061
     232       0.0000       0.0000       0.0000       0.0000       0.0000       0.0000       0.9991
     233       0.0000       0.0000       0.0063       0.0000       0.0000       0.9916       0.0021
     234       0.0000       0.0000       0.0063       0.0000       0.0000       0.9916       0.0021
     235       0.0000       0.0000       0.5506       0.0000       0.0000       0.1685       0.2168
     236       0.0000       0.0000       0.5494       0.0000       0.0000       0.3934       0.0572
     237       0.0000       0.0000       0.5478       0.0000       0.0000       0.2350       0.1284
     238       0.0000       0.0000       0.0000       0.0000       0.0000       0.0000       0.0418
     239       0.0000       0.0016       0.0000       0.0000       0.0000       0.0000       0.0000
     240       0.0000       0.0000       0.0000       0.0000       0.0000       0.9999       0.0001
     241       0.0000       0.0864       0.0000       0.0000       0.0000       0.9134       0.0001
     242       0.0000       0.0016       0.0000       0.0000       0.0000       0.9349       0.0000
     243       0.0000       0.9998       0.0000       0.0000       0.0000       0.0000       0.0000
     244       0.0000       0.0000       0.0000       0.0000       0.0000       0.0000       0.0000
     245       0.0000       0.0000       0.2938       0.0001       0.0000       0.6981       0.0044
     246       0.0000       0.0000       0.2972       0.0006       0.0000       0.6976       0.0045
     247       0.0000       0.0000       0.3009       0.0006       0.0000       0.6984       0.0001
     248       0.0000       0.0000       0.2691       0.0006       0.0000       0.7302       0.0000
     249       0.0000       0.0000       0.0039       0.0006       0.0000       0.9954       0.0001
     250       0.0000       0.0000       0.0000       0.0000       0.0000       0.0000       0.5830
     251       0.0000       0.0000       0.0000       0.0000       0.0000       0.0000       0.0000
     252       0.0000       0.0000       0.0000       0.0000       0.0000       0.0000       0.0000
     253       0.0000       0.0000       0.0000       0.0000       0.0000       0.0000       0.2189
     254       0.0000       0.0000       0.0000       0.0000       0.0000       0.0000       0.9849
     255       0.0000       0.0000       0.0000       0.0000       0.0000       0.0000       0.0000
     256       0.0000       0.0000       0.1684       0.0000       0.0000       0.8311       0.0004
     257       0.0000       0.0000       0.1684       0.0000       0.0000       0.8314       0.0002
     258       0.0000       0.0000       0.1684       0.0000       0.0000       0.8258       0.0057
     259       0.9999       0.0000       0.0000       0.0000       0.0000       0.0000       0.0000
     260       0.9997       0.0000       0.0000       0.0000       0.0000       0.0000       0.0000
     261       0.9999       0.0000       0.0000       0.0000       0.0000       0.0000       0.0000
     262       0.0724       0.0000       0.0000       0.0000       0.0000       0.0000       0.0000
     263       0.0000       0.0000       0.0000       0.0000       0.0000       0.0000       0.0000
     264       0.8528       0.0000       0.0000       0.0000       0.0000       0.0000       0.0000
     265       0.4875       0.0000       0.0000       0.0000       0.0000       0.0000       0.0000
     266       0.3051       0.0000       0.0000       0.0000       0.0000       0.0000       0.0000
     267       0.0000       0.0000       0.0000       0.0000       0.0000       0.0000       0.0000
     268       0.0000       0.0000       0.0017       0.0005       0.0000       0.9975       0.0002
     269       0.0000       0.0000       0.0017       0.0005       0.0000       0.9976       0.0002
     270       0.0000       0.0000       0.0017       0.0005       0.0000       0.9964       0.0014
     271       0.0000       0.0000       0.0000       0.0005       0.0000       0.0000       0.0436
     272       0.0000       0.0000       0.0000       0.0000       0.0000       0.0000       0.0000
     273       0.0000       0.0000       0.0000       0.0000       0.0000       0.0000       0.0000
     274       0.0000       0.0000       0.9286       0.0000       0.0000       0.0672       0.0042
     275       0.0000       0.0000       0.9286       0.0000       0.0000       0.0713       0.0001
     276       0.0000       0.0000       0.9286       0.0000       0.0000       0.0056       0.0313
     277       0.0000       0.0000       0.0000       0.0000       0.0000       0.0000       0.6971
     278       0.0000       0.0000       0.5403       0.0024       0.0000       0.4570       0.0003
     279       0.0000       0.0000       0.5403       0.0024       0.0000       0.4571       0.0002
     280       0.0000       0.0000       0.5403       0.0024       0.0000       0.4539       0.0034
     281       0.0000       0.0000       0.0000       0.0024       0.0000       0.9898       0.0018
     282       0.0000       0.0000       0.0000       0.0000       0.0000       0.9886       0.0005
     283       0.0000       0.0000       0.0000       0.0000       0.0000       0.9886       0.0114
     284       0.0000       0.0000       0.0000       0.0000       0.0000       0.9955       0.0045
     285       0.0000       0.0000       0.0000       0.0076       0.0000       0.8753       0.1171
     286       0.0000       0.0000       0.0005       0.9719       0.0000       0.0142       0.0127
     287       0.0000       0.0000       0.0005       0.9994       0.0000       0.0002       0.0000
     288       0.0000       0.0000       0.0005       0.9994       0.0000       0.0002       0.0000
     289       0.0000       0.0000       0.0000       1.0000       0.0000       0.0000       0.0000
     290       0.0000       0.0000       0.0000       1.0000       0.0000       0.0000       0.0000
     291       0.0000       0.0000       0.0000       1.0000       0.0000       0.0000       0.0000
     292       0.0000       0.0000       0.0000       1.0000       0.0000       0.0000       0.0000
     293       0.0000       0.0000       0.0000       0.9960       0.0000       0.0040       0.0000
     294       0.0000       0.0000       0.0000       0.0078       0.0000       0.9922       0.0000
     295       0.0000       0.0000       0.0084       0.5072       0.0000       0.4844       0.0000
     296       0.0000       0.0000       0.0086       0.9901       0.0000       0.0014       0.0000
     297       0.0000       0.0000       0.0086       0.9907       0.0001       0.0006       0.0000
     298       0.0000       0.0000       0.0041       0.9907       0.0001       0.0051       0.0000
     299       0.0000       0.0000       0.0000       0.9838       0.0001       0.0161       0.0000
     300       0.0000       0.0000       0.0000       0.0095       0.0001       0.9899       0.0005
     301       0.0000       0.0000       0.0000       0.0027       0.0001       0.5701       0.4271
     302       0.0000       0.0000       0.0000       0.0000       0.0000       0.0004       0.0005
     303       0.0000       0.0000       0.0000       0.0000       0.0000       0.0000       0.0004
     304       0.2775       0.0000       0.0000       0.0000       0.0000       0.0000       0.0000
     305       0.9986       0.0000       0.0000       0.0000       0.0000       0.0000       0.0000
     306       0.0027       0.0000       0.0000       0.0000       0.0000       0.0000       0.0000
     307       0.9953       0.0000       0.0000       0.0000       0.0000       0.0000       0.0000
     308       0.0000       0.0000       0.0000       0.0000       0.0000       0.0000       0.2744
     309       0.8528       0.0000       0.0000       0.0000       0.0000       0.0000       0.0557
     310       0.9217       0.0000       0.0000       0.0000       0.0000       0.0000       0.0000
     311       0.3056       0.0000       0.0000       0.0000       0.0000       0.0000       0.0000
     312       0.0002       0.0000       0.0000       0.0000       0.0000       0.0000       0.0000
     313       0.0000       0.0000       0.0000       0.0000       0.0000       0.0000       0.0000
     314       0.0094       0.0000       0.0000       0.0000       0.0000       0.9241       0.0079
     315       0.0000       0.0000       0.0000       0.0000       0.0000       0.9336       0.0664
     316       0.0000       0.0000       0.0000       0.0000       0.0000       0.0881       0.9119
     317       0.0094       0.0000       0.0000       0.0000       0.0000       0.0637       0.9269
     318       0.0000       0.0000       0.0000       0.0000       0.0000       0.0000       0.9824
     319       0.0000       0.0000       0.0000       0.0000       0.0000       0.0000       0.0011
     320       0.0000       0.0000       0.0028       0.0098       0.0000       0.9866       0.0009
     321       0.0000       0.0000       0.0028       0.2168       0.0000       0.7803       0.0001
     322       0.0000       0.0000       0.0028       0.9882       0.0000       0.0089       0.0001
     323       0.0000       0.0000       0.0000       0.9886       0.0000       0.0114       0.0000
     324       0.0000       0.0000       0.0000       0.9999       0.0000       0.0001       0.0000
     325       0.0000       0.0000       0.0000       0.9999       0.0000       0.0001       0.0000
     326       0.0000       0.0000       0.0000       1.0000       0.0000       0.0000       0.0000
     327       0.0000       0.0000       0.0000       1.0000       0.0000       0.0000       0.0000
     328       0.0000       0.0000       0.0000       1.0000       0.0000       0.0000       0.0000
     329       0.0000       0.0000       0.0000       0.9999       0.0000       0.0001       0.0000
     330       0.0000       0.0000       0.0000       1.0000       0.0000       0.0000       0.0000
     331       0.0000       0.0000       0.0000       1.0000       0.0000       0.0000       0.0000
     332       0.0000       0.0000       0.0000       1.0000       0.0000       0.0000       0.0000
     333       0.0000       0.0000       0.0000       0.9999       0.0000       0.0001       0.0000
     334       0.0000       0.0000       0.0003       0.9947       0.0000       0.0050       0.0000
     335       0.0000       0.0000       0.0003       0.9880       0.0000       0.0117       0.0000
     336       0.0000       0.0000       0.0003       0.1158       0.0000       0.8836       0.0003
     337       0.0000       0.0000       0.0000       0.0000       0.0000       0.9990       0.0002
     338       0.0000       0.0000       0.0000       0.0000       0.0000       0.0001       0.0000
     339       0.0000       0.0000       0.0000       0.0000       0.0000       0.0001       0.0001
     340       0.3841       0.0000       0.0000       0.0000       0.0000       0.0000       0.0061
     341       0.9998       0.0000       0.0000       0.0000       0.0000       0.0000       0.0000
     342       0.9582       0.0000       0.0000       0.0000       0.0000       0.0000       0.0000
     343       0.9998       0.0000       0.0000       0.0000       0.0000       0.0000       0.0000
     344       0.0007       0.0000       0.0000       0.0000       0.0000       0.0008       0.9984
     345       0.5652       0.0000       0.0000       0.0000       0.0000       0.0003       0.0000
     346       0.0000       0.0000       0.0000       0.0000       0.0000       0.0000       0.9999
     347       0.0000       0.0000       0.0000       0.0000       0.0000       0.0000       0.9199
     348       0.0000       0.0000       0.0120       0.0000       0.0000       0.7456       0.2424
     349       0.0000       0.0000       0.0120       0.0000       0.0000       0.7468       0.0632
     350       0.0000       0.0001       0.0121       0.0000       0.0000       0.0510       0.0321
     351       0.0000       0.0001       0.2878       0.0000       0.0000       0.5576       0.1173
     352       0.0000       0.0000       0.2878       0.0000       0.0000       0.6903       0.0218
     353       0.0000       0.0000       0.2877       0.0000       0.0000       0.6138       0.0985
     354       0.0002       0.0001       0.0000       0.0000       0.0000       0.0000       0.0000
     355       0.5652       0.0000       0.0000       0.0000       0.0000       0.0000       0.0000
     356       0.0000       0.0000       0.0000       0.0000       0.0000       0.0000       1.0000
     357       0.0000       0.9999       0.0000       0.0000       0.0000       0.0000       0.0001
     358       0.0000       0.0000       0.0000       0.0000       0.0000       0.0000       0.0000
     359       0.0000       0.0000       0.0000       0.0000       0.0000       0.9999       0.0001
     360       0.0000       0.0000       0.0000       0.0000       0.0000       0.9999       0.0001
     361       0.0000       0.0000       0.0000       0.0000       0.0000       0.0234       0.9766
     362       0.0000       0.0000       0.0000       0.0000       0.0000       0.0000       0.9886
     363       0.0000       0.0000       0.0000       0.0000       0.0000       0.0000       0.3468
     364       0.0000       0.9999       0.0000       0.0000       0.0000       0.0000       0.0000
     365       0.0000       0.0000       0.0000       0.0000       0.0000       0.0000       0.0000
     366       0.0000       0.0000       0.0000       0.9941       0.0000       0.0036       0.0021
     367       0.0000       0.0000       0.0000       0.9964       0.0000       0.0036       0.0000
     368       0.0000       0.0000       0.0000       0.9999       0.0000       0.0001       0.0000
     369       0.0000       0.0000       0.0000       0.9999       0.0000       0.0001       0.0000
     370       0.0000       0.0000       0.0000       1.0000       0.0000       0.0000       0.0000
     371       0.0000       0.0000       0.0000       0.9986       0.0000       0.0014       0.0000
     372       0.0000       0.0000       0.0006       0.9984       0.0000       0.0009       0.0000
     373       0.0000       0.0000       0.3067       0.5917       0.0000       0.1013       0.0003
     374       0.0000       0.0000       0.3661       0.2825       0.0000       0.3508       0.0006
     375       0.0000       0.0000       0.3657       0.2380       0.0000       0.3786       0.0176
     376       0.0000       0.0000       0.1411       0.1973       0.0000       0.2914       0.0000
     377       0.0000       0.0000       0.0000       0.0000       0.0000       0.0000       0.0000
